0	0.062250
3	0.481889	100
1	0.265613
4	0.691807	0.691853
2	0.600075	0.000010
2	0.889382	0.000070
3	0.842505	58
2	0.131120	0.000644
0	0.650829
0	0.970026
2	0.337119	0.000362
1	0.382155
2	0.694702	0.000910
3	0.423549	8
0	0.422165
1	0.045899
3	0.340091	25
2	0.054399	0.000192
3	0.612296	77
1	0.222911
2	0.507272	0.000170
2	0.831731	0.000424
1	0.917901
2	0.327679	0.000107
2	0.247294	0.000902
0	0.565052
0	0.386728
1	0.736102
0	0.264373
0	0.833628
3	0.444615	86
1	0.227643
1	0.031835
2	0.979815	0.000029
0	0.175934
2	0.097528	0.000597
2	0.632217	0.000729
0	0.510784
4	0.086684	0.087133
2	0.969699	0.000894
0	0.527882
4	0.354511	0.355223
3	0.688578	61
0	0.638239
4	0.558037	0.559025
4	0.338694	0.339110
0	0.015170
3	0.711915	97
4	0.480793	0.480839
3	0.478011	92
2	0.249342	0.000461
2	0.435933	0.000503
3	0.627188	74
2	0.483619	0.000410
4	0.916089	0.916446
0	0.548930
1	0.103899
1	0.110322
1	0.830976
4	0.781983	0.782191
0	0.913382
0	0.621420
0	0.245923
1	0.481745
4	0.129699	0.130125
0	0.675884
3	0.751174	21
1	0.233449
1	0.852714
0	0.410486
1	0.426034
4	0.077765	0.077802
0	0.558596
0	0.830482
4	0.298768	0.298846
2	0.061254	0.000795
2	0.115631	0.000306
1	0.922915
0	0.241220
4	0.755783	0.755962
4	0.751515	0.752052
1	0.792540
4	0.179581	0.180434
0	0.881455
3	0.724609	64
0	0.049937
0	0.450235
3	0.024907	96
2	0.668448	0.000727
2	0.546936	0.000797
4	0.422864	0.422967
0	0.770176
1	0.887416
1	0.132894
4	0.548604	0.548826
2	0.170673	0.000124
3	0.098411	42
3	0.074930	85
4	0.770146	0.770294
1	0.597396
0	0.302079
1	0.519321
4	0.008205	0.008631
1	0.796746
3	0.666356	39
2	0.315155	0.000927
1	0.828930
2	0.430340	0.000613
2	0.595113	0.000977
4	0.573965	0.574547
2	0.822121	0.000709
0	0.939861
0	0.936375
0	0.832755
0	0.672313
4	0.395983	0.396773
3	0.525919	28
2	0.460952	0.000560
0	0.203279
1	0.218906
2	0.221309	0.000027
4	0.431151	0.432027
2	0.876989	0.000062
4	0.815952	0.816316
4	0.673138	0.673236
0	0.322812
1	0.305879
2	0.673945	0.000938
0	0.098561
0	0.122936
1	0.611511
2	0.733917	0.000623
4	0.173090	0.173293
4	0.245845	0.246474
0	0.498676
2	0.063578	0.000572
2	0.682069	0.000606
2	0.767618	0.000176
0	0.076990
3	0.882724	87
4	0.723838	0.724676
3	0.027056	57
3	0.553588	93
4	0.410511	0.411472
1	0.067460
0	0.361602
2	0.426148	0.000158
1	0.894215
4	0.418776	0.419182
1	0.376549
4	0.769139	0.769803
4	0.542904	0.543576
2	0.008788	0.000252
0	0.970038
3	0.057228	40
1	0.610547
3	0.645063	9
4	0.671594	0.671779
2	0.712007	0.000482
1	0.292390
3	0.165286	7
1	0.563865
4	0.068640	0.068650
3	0.453888	8
1	0.906505
1	0.584270
3	0.712662	86
4	0.974886	0.975364
1	0.006847
2	0.455241	0.000118
0	0.275694
0	0.777704
0	0.641549
4	0.021678	0.022329
0	0.308479
4	0.149619	0.149962
3	0.628885	39
0	0.023961
2	0.760968	0.000111
2	0.632159	0.000070
0	0.564528
0	0.017881
0	0.741623
4	0.565696	0.565863
1	0.359708
4	0.967093	0.967720
4	0.598573	0.598693
2	0.333020	0.000215
1	0.720221
2	0.185764	0.000497
0	0.566384
0	0.960181
1	0.466614
0	0.679620
3	0.026252	32
4	0.786152	0.787036
2	0.759946	0.000926
0	0.760493
2	0.323141	0.000660
2	0.597742	0.000696
0	0.193133
1	0.108334
4	0.714439	0.715196
0	0.717805
3	0.693491	11
4	0.260492	0.261273
3	0.872535	18
4	0.906310	0.906600
4	0.219125	0.219133
1	0.654214
0	0.938502
2	0.653177	0.000904
4	0.659470	0.659982
2	0.091913	0.000150
4	0.840784	0.841471
2	0.822212	0.000364
4	0.696843	0.697637
2	0.565332	0.000027
3	0.081266	91
4	0.734834	0.734960
3	0.303681	80
1	0.568608
4	0.238351	0.238777
1	0.778065
3	0.849796	53
4	0.605982	0.606043
0	0.905985
2	0.317744	0.000837
2	0.197172	0.000501
2	0.728085	0.000892
0	0.756387
3	0.323523	37
1	0.651784
2	0.538881	0.000522
3	0.467377	3
2	0.447382	0.000572
3	0.915071	86
4	0.286498	0.286740
4	0.705868	0.706000
1	0.400403
4	0.424862	0.424996
1	0.452540
1	0.107247
2	0.874154	0.000732
0	0.317189
0	0.093383
4	0.923125	0.923730
4	0.454118	0.454216
4	0.829435	0.830297
3	0.838404	13
2	0.272629	0.000469
3	0.739774	41
4	0.483423	0.483957
3	0.877092	12
3	0.337733	55
0	0.321278
1	0.236627
1	0.909662
4	0.311305	0.311787
4	0.446962	0.447714
0	0.905531
1	0.454081
3	0.792053	49
3	0.499324	77
2	0.023798	0.000024
1	0.162795
0	0.292293
3	0.815290	52
4	0.412152	0.412562
0	0.944398
2	0.339126	0.000893
3	0.574445	83
1	0.458972
0	0.327871
3	0.914774	84
0	0.531912
2	0.820820	0.000365
4	0.990231	0.990681
4	0.720730	0.721146
2	0.923889	0.000159
3	0.481699	14
3	0.123849	87
3	0.110211	37
4	0.032288	0.032536
3	0.082979	61
4	0.807549	0.808205
4	0.728790	0.729667
0	0.701747
3	0.127734	55
2	0.926090	0.000356
3	0.041989	27
1	0.519613
3	0.086405	22
4	0.251423	0.252270
2	0.900720	0.000825
0	0.025159
3	0.042920	30
0	0.733119
2	0.546482	0.000891
3	0.551383	17
2	0.838185	0.000641
1	0.595394
0	0.609696
2	0.818961	0.000644
1	0.613136
2	0.742109	0.000792
0	0.383054
0	0.326228
3	0.967674	20
4	0.613362	0.613651
0	0.357682
2	0.848223	0.000156
4	0.271566	0.272222
4	0.216606	0.217354
1	0.402424
3	0.797333	43
4	0.440869	0.441833
3	0.629706	19
2	0.139034	0.000969
3	0.881884	18
2	0.016676	0.000424
2	0.750981	0.000221
2	0.104179	0.000193
3	0.626104	29
2	0.036570	0.000948
0	0.613037
4	0.401073	0.402064
1	0.889910
1	0.658314
4	0.167238	0.167720
1	0.489729
1	0.801820
2	0.835071	0.000642
2	0.516294	0.000096
1	0.849396
2	0.996433	0.000958
3	0.278283	92
3	0.924574	24
0	0.061392
1	0.055889
4	0.238991	0.239092
1	0.519578
1	0.184289
4	0.833537	0.834219
0	0.541081
2	0.782373	0.000349
0	0.568391
1	0.711127
0	0.060347
2	0.121644	0.000400
3	0.233652	26
1	0.954920
0	0.655026
0	0.755104
3	0.430686	13
1	0.635641
1	0.586336
0	0.845308
4	0.341573	0.342204
3	0.154321	37
1	0.588057
4	0.285347	0.286129
1	0.203239
4	0.830588	0.831438
4	0.966938	0.967041
0	0.922992
4	0.314862	0.315254
0	0.777180
2	0.068573	0.000363
3	0.278609	24
4	0.941028	0.941369
3	0.826719	92
4	0.616286	0.616783
0	0.018145
2	0.330254	0.000112
2	0.884966	0.000307
3	0.129767	23
3	0.207079	65
4	0.705857	0.706303
1	0.608840
4	0.096025	0.096491
4	0.742172	0.742804
0	0.604107
0	0.985448
3	0.477583	98
0	0.399490
4	0.701442	0.701982
0	0.644836
3	0.452314	59
2	0.082853	0.000670
0	0.461002
0	0.169214
1	0.184903
0	0.893294
4	0.757717	0.757932
1	0.711064
4	0.265189	0.265587
3	0.083732	19
2	0.466326	0.000567
1	0.723023
4	0.044452	0.045441
4	0.101369	0.102164
3	0.105779	42
0	0.679828
2	0.504965	0.000183
3	0.446379	21
2	0.285133	0.000072
3	0.817095	23
1	0.402369
3	0.939092	28
1	0.523053
4	0.005063	0.005874
3	0.042355	29
1	0.755610
0	0.619155
0	0.123939
3	0.380603	6
2	0.838485	0.000519
4	0.893378	0.894089
4	0.909227	0.909275
0	0.030371
1	0.106590
3	0.387097	53
0	0.534930
0	0.521633
1	0.317726
4	0.258433	0.259114
2	0.197336	0.000994
4	0.571602	0.571923
1	0.315935
3	0.996902	55
2	0.470382	0.000780
4	0.767973	0.768061
0	0.893863
4	0.275654	0.276264
3	0.754667	5
3	0.001837	16
2	0.170285	0.000395
2	0.281677	0.000581
2	0.416470	0.000673
2	0.731060	0.000304
4	0.624102	0.624647
2	0.249198	0.000197
0	0.820389
2	0.558252	0.000348
4	0.614993	0.615643
2	0.001164	0.000353
2	0.681680	0.000876
1	0.960433
1	0.243362
2	0.861253	0.000203
4	0.241116	0.241690
1	0.622677
1	0.882050
1	0.491118
1	0.082235
0	0.671175
3	0.624962	86
0	0.112487
4	0.287213	0.287295
3	0.945801	82
4	0.202259	0.202501
0	0.596081
2	0.906850	0.000609
0	0.666491
0	0.779010
4	0.747845	0.748793
3	0.985774	42
0	0.515142
1	0.621572
2	0.907948	0.000774
4	0.723587	0.723699
4	0.535291	0.535679
2	0.333822	0.000160
1	0.464435
2	0.211593	0.000677
3	0.526059	18
3	0.175478	56
4	0.861710	0.862007
1	0.200495
0	0.296960
3	0.616417	47
4	0.016260	0.017086
0	0.574431
4	0.799562	0.800419
2	0.263352	0.000321
4	0.012410	0.012909
3	0.993353	38
0	0.743357
4	0.726036	0.726332
1	0.815656
1	0.248033
1	0.442667
4	0.042003	0.042294
2	0.512037	0.000128
3	0.826011	86
3	0.366909	15
0	0.543137
3	0.349975	6
4	0.424889	0.425125
1	0.464023
0	0.776759
4	0.679914	0.680586
0	0.685142
3	0.221410	9
1	0.299620
2	0.040617	0.000962
2	0.954177	0.000761
2	0.201578	0.000474
4	0.691445	0.691961
0	0.628442
0	0.020292
4	0.777995	0.778435
3	0.015856	19
2	0.827477	0.000486
4	0.765227	0.765867
3	0.427224	46
2	0.760902	0.000720
1	0.592732
1	0.232198
0	0.413548
0	0.907627
2	0.596723	0.000213
2	0.330576	0.000266
0	0.858632
3	0.098816	46
2	0.499445	0.000987
4	0.967908	0.968358
2	0.520872	0.000626
3	0.830609	76
3	0.454402	1
1	0.243102
0	0.968147
2	0.831175	0.000239
3	0.675316	71
2	0.681882	0.000374
0	0.908595
3	0.884664	61
1	0.272020
4	0.684800	0.685319
4	0.648119	0.648319
3	0.854269	98
1	0.865959
1	0.486011
3	0.240138	15
0	0.646390
0	0.758072
2	0.505508	0.000826
3	0.410973	44
4	0.295111	0.295895
2	0.309048	0.000536
2	0.664341	0.000715
3	0.753063	99
2	0.560308	0.000103
4	0.290439	0.291308
3	0.662203	43
4	0.428563	0.428900
3	0.854833	23
1	0.272033
3	0.939813	98
4	0.923029	0.923481
1	0.756692
3	0.604593	42
4	0.090680	0.091246
2	0.520212	0.000286
2	0.028354	0.000981
1	0.502063
1	0.665082
0	0.220755
1	0.523862
2	0.531081	0.000700
2	0.212865	0.000315
1	0.614473
0	0.379396
0	0.500715
4	0.517479	0.517883
3	0.677866	14
3	0.943766	17
3	0.924706	85
4	0.192017	0.192206
0	0.679385
0	0.763086
0	0.415737
3	0.420726	18
3	0.230166	51
0	0.547557
0	0.803293
1	0.049494
3	0.463016	41
2	0.232979	0.000462
3	0.045353	52
2	0.406885	0.000367
1	0.963994
1	0.514514
1	0.775175
3	0.234434	10
3	0.955437	83
4	0.290517	0.291140
1	0.046798
1	0.952327
4	0.157088	0.157256
4	0.060585	0.061458
4	0.150404	0.151232
4	0.838926	0.839618
3	0.006417	48
3	0.637966	24
4	0.367726	0.368492
4	0.964632	0.965376
2	0.394421	0.000597
3	0.697823	9
4	0.321968	0.322867
1	0.259447
2	0.747442	0.000042
2	0.918919	0.000353
3	0.130099	0
0	0.237297
3	0.680498	22
0	0.975211
0	0.210519
4	0.770305	0.770572
1	0.238686
0	0.217236
0	0.776995
4	0.715412	0.716292
3	0.324729	38
4	0.843809	0.843908
2	0.579581	0.000901
4	0.412903	0.412967
3	0.926699	96
0	0.560465
2	0.857377	0.000636
4	0.286759	0.287476
0	0.155742
0	0.645188
1	0.385178
1	0.343921
3	0.414794	75
0	0.979334
1	0.530711
3	0.019056	4
1	0.936210
1	0.609300
4	0.804523	0.805238
0	0.748054
3	0.639753	56
4	0.181667	0.182338
4	0.126845	0.127674
1	0.853437
0	0.781158
3	0.693655	52
2	0.168535	0.000920
1	0.380200
2	0.726653	0.000622
0	0.560069
0	0.688859
4	0.928819	0.929470
0	0.747216
0	0.301442
1	0.376268
3	0.798578	36
2	0.466112	0.000223
0	0.410890
1	0.828029
1	0.075060
1	0.838673
1	0.153289
2	0.235499	0.000249
4	0.484322	0.485139
4	0.433147	0.433538
3	0.206738	55
2	0.573854	0.000938
2	0.541140	0.000176
3	0.240590	84
2	0.259747	0.000731
2	0.334434	0.000441
4	0.061608	0.062082
1	0.951708
2	0.374777	0.000429
3	0.970698	77
2	0.823767	0.000682
0	0.254184
0	0.860894
4	0.621727	0.622426
3	0.475753	27
3	0.364973	31
0	0.470647
0	0.672446
3	0.926708	68
1	0.492331
4	0.967416	0.967837
3	0.120063	31
3	0.878548	7
3	0.571978	96
0	0.742476
2	0.189683	0.000221
1	0.736838
4	0.401657	0.401847
0	0.677953
4	0.909296	0.910100
1	0.582070
3	0.945514	97
2	0.604612	0.000806
1	0.220755
3	0.355869	87
0	0.460805
1	0.985283
2	0.631182	0.000329
3	0.124798	80
4	0.730755	0.731525
2	0.216192	0.000280
1	0.627745
3	0.754991	11
2	0.292150	0.000477
1	0.912840
4	0.010070	0.010287
1	0.037853
3	0.483940	82
0	0.291664
1	0.950828
3	0.601988	58
0	0.288247
4	0.702376	0.702937
4	0.084658	0.085231
3	0.133123	57
3	0.460003	68
4	0.730027	0.730330
0	0.011572
1	0.319089
2	0.325680	0.000532
0	0.963798
1	0.000532
3	0.231476	38
1	0.741713
1	0.074228
1	0.908362
3	0.220658	54
1	0.313824
0	0.127483
4	0.131373	0.131711
0	0.183747
4	0.688099	0.688146
0	0.531864
0	0.685047
2	0.316081	0.000520
4	0.809354	0.810340
1	0.380418
2	0.975297	0.000915
1	0.100533
1	0.709152
3	0.957687	65
3	0.370771	100
1	0.142927
3	0.823981	17
1	0.173239
1	0.404072
0	0.507901
3	0.815633	2
4	0.515397	0.516297
4	0.236026	0.236253
0	0.856245
2	0.776906	0.000676
2	0.897344	0.000232
4	0.359493	0.360485
4	0.714168	0.714412
3	0.939849	6
1	0.936576
0	0.338942
3	0.430293	46
3	0.078779	80
1	0.129901
2	0.352027	0.000945
3	0.399506	94
4	0.446148	0.446361
4	0.559446	0.559943
2	0.313073	0.000682
1	0.651195
4	0.641810	0.642720
1	0.062592
2	0.721752	0.000768
2	0.916588	0.000751
2	0.501082	0.000596
3	0.124918	3
2	0.622154	0.000274
0	0.668265
1	0.578603
0	0.829951
0	0.869609
3	0.679405	59
1	0.791738
4	0.862176	0.862373
0	0.216606
1	0.492727
0	0.120538
0	0.139549
3	0.102694	13
3	0.026119	14
2	0.682656	0.000543
4	0.337032	0.337256
3	0.130841	6
1	0.269720
0	0.076007
3	0.589523	3
1	0.823261
3	0.406795	99
3	0.380410	35
2	0.264409	0.000408
2	0.973036	0.000628
4	0.298902	0.299746
1	0.885666
4	0.114218	0.114631
0	0.305016
2	0.431816	0.000190
1	0.015243
0	0.382965
0	0.634051
0	0.406998
3	0.095666	4
4	0.293849	0.293882
2	0.109542	0.000454
4	0.394872	0.395867
0	0.087685
0	0.304827
3	0.692395	44
2	0.123083	0.000866
4	0.997667	0.998540
3	0.427367	26
1	0.500205
2	0.314134	0.000127
1	0.429457
0	0.457388
3	0.736824	33
0	0.366813
2	0.259625	0.000494
3	0.612877	17
1	0.037623
2	0.109722	0.000881
3	0.224590	61
1	0.896075
0	0.503279
1	0.217281
1	0.684342
0	0.867715
1	0.345897
0	0.982703
4	0.947148	0.947167
4	0.069031	0.069559
1	0.874840
2	0.059068	0.000055
1	0.214083
1	0.118632
2	0.793755	0.000860
0	0.020231
4	0.845774	0.846758
2	0.090741	0.000233
3	0.905123	18
4	0.430145	0.430521
1	0.327859
0	0.240757
3	0.148274	11
2	0.965453	0.000002
2	0.135773	0.000156
2	0.048182	0.000562
2	0.731408	0.000573
1	0.515141
4	0.300252	0.301190
3	0.906687	96
1	0.717350
0	0.718515
3	0.986046	68
0	0.484050
1	0.373335
2	0.046602	0.000545
4	0.699315	0.700031
1	0.054373
1	0.278529
4	0.221479	0.222138
1	0.868105
1	0.862101
2	0.012242	0.000327
0	0.942065
0	0.710313
0	0.381062
4	0.637887	0.638614
0	0.653467
2	0.706765	0.000365
3	0.204669	75
4	0.765556	0.766427
1	0.842025
4	0.289206	0.289700
1	0.627134
4	0.684491	0.684881
1	0.662222
0	0.477050
3	0.811021	86
2	0.730034	0.000971
1	0.669383
2	0.475600	0.000096
0	0.695736
0	0.638777
4	0.229836	0.230436
4	0.541303	0.542276
4	0.889849	0.890273
1	0.564241
1	0.525621
2	0.239738	0.000578
1	0.632557
1	0.536957
0	0.218107
1	0.054076
3	0.648111	93
3	0.072984	48
1	0.299491
3	0.559916	72
1	0.269556
1	0.555887
1	0.526118
3	0.900982	18
0	0.607120
2	0.978985	0.000713
4	0.552772	0.553283
4	0.834733	0.835149
2	0.798787	0.000498
4	0.925749	0.926731
1	0.839289
0	0.312762
3	0.230888	42
0	0.474771
3	0.685518	45
0	0.644924
1	0.693422
4	0.782605	0.783128
3	0.563502	95
0	0.631932
4	0.287571	0.288132
0	0.240252
2	0.997338	0.000606
2	0.960255	0.000639
1	0.109929
1	0.620003
2	0.152784	0.000128
0	0.812359
1	0.245078
0	0.284201
4	0.839779	0.839913
2	0.372636	0.000777
0	0.761389
1	0.966283
0	0.283395
2	0.279004	0.000988
4	0.820712	0.821270
4	0.397898	0.398412
2	0.445255	0.000305
1	0.985201
2	0.609211	0.000320
3	0.631216	5
1	0.760792
3	0.687855	8
1	0.365703
1	0.698040
2	0.381387	0.000757
3	0.199352	46
4	0.344513	0.344541
1	0.577015
4	0.014162	0.014940
3	0.157522	60
1	0.975675
4	0.855702	0.855835
4	0.555804	0.556215
4	0.063893	0.064172
0	0.608113
0	0.361190
4	0.673745	0.674571
0	0.209773
0	0.589302
3	0.709940	85
2	0.610004	0.000310
0	0.761918
3	0.367596	64
4	0.765647	0.765831
3	0.264836	76
3	0.304698	61
3	0.890329	42
3	0.670991	66
2	0.392429	0.000317
0	0.814602
4	0.886846	0.887710
3	0.575794	79
1	0.501484
4	0.411133	0.412055
3	0.713863	75
2	0.133799	0.000348
3	0.017761	6
0	0.565108
1	0.785134
3	0.660901	90
4	0.458356	0.459288
0	0.001489
0	0.583739
2	0.751827	0.000104
1	0.066056
0	0.082279
0	0.745481
1	0.800819
3	0.724682	34
2	0.566582	0.000693
2	0.372936	0.000283
0	0.512922
2	0.335830	0.000574
1	0.531449
1	0.023475
4	0.630865	0.631527
0	0.263804
1	0.121659
2	0.108446	0.000246
2	0.639551	0.000317
3	0.637227	97
0	0.335725
4	0.408047	0.408402
3	0.818276	26
2	0.529452	0.000118
4	0.562278	0.563042
3	0.250087	65
2	0.728557	0.000484
2	0.511461	0.000306
3	0.956249	50
2	0.488790	0.000968
3	0.562535	43
0	0.775661
1	0.720429
2	0.749893	0.000795
3	0.874248	15
1	0.662472
4	0.063262	0.063602
0	0.307933
1	0.130144
3	0.650240	74
0	0.201576
1	0.472845
3	0.697157	36
4	0.084374	0.084449
4	0.368060	0.368787
3	0.340179	17
3	0.720045	52
3	0.013792	70
3	0.389925	20
2	0.457565	0.000778
3	0.904874	88
0	0.855253
3	0.974412	23
3	0.106082	77
3	0.657617	19
1	0.710533
4	0.877296	0.878039
3	0.538302	18
1	0.427779
3	0.237249	13
0	0.725168
2	0.556393	0.000057
2	0.558712	0.000353
1	0.443353
2	0.962611	0.000244
0	0.699570
0	0.123482
1	0.295599
2	0.300902	0.000212
1	0.118948
4	0.846035	0.846368
2	0.066568	0.000956
3	0.980420	3
1	0.138000
4	0.175761	0.176211
3	0.083057	74
2	0.310446	0.000179
3	0.310784	63
0	0.556139
3	0.997651	67
3	0.857741	22
4	0.824926	0.825569
2	0.025592	0.000848
0	0.167171
1	0.232512
0	0.136742
2	0.679209	0.000670
1	0.018441
3	0.365750	58
2	0.632825	0.000168
3	0.864249	32
2	0.664833	0.000986
1	0.616145
4	0.518422	0.519012
3	0.424987	42
3	0.222358	36
0	0.066876
4	0.443202	0.443294
2	0.165708	0.000281
4	0.685557	0.685615
2	0.968269	0.000063
4	0.480026	0.480205
3	0.294316	59
0	0.742740
0	0.298109
1	0.628359
1	0.375465
1	0.591465
0	0.914816
3	0.251597	72
1	0.539061
3	0.424831	77
1	0.227539
4	0.457251	0.457524
0	0.985364
4	0.164749	0.164765
4	0.541979	0.542514
3	0.834108	62
0	0.958094
1	0.640439
3	0.515265	93
3	0.970366	31
4	0.580226	0.580851
0	0.440622
0	0.059415
0	0.491726
2	0.998329	0.000004
0	0.714241
3	0.926337	62
3	0.688467	75
0	0.203219
2	0.827910	0.000087
3	0.581941	89
3	0.397972	4
4	0.158031	0.158140
0	0.459492
3	0.992061	39
1	0.870448
3	0.594076	59
2	0.358041	0.000726
1	0.377090
0	0.636097
2	0.170245	0.000285
2	0.530243	0.000606
2	0.243741	0.000482
1	0.293128
0	0.616166
1	0.927125
0	0.284941
2	0.369573	0.000239
0	0.318885
1	0.792272
1	0.601159
1	0.437270
3	0.707255	98
4	0.052436	0.053321
3	0.779560	68
4	0.578989	0.579486
4	0.561040	0.562000
2	0.718916	0.000925
2	0.946686	0.000336
1	0.847856
3	0.175761	56
4	0.640173	0.641042
1	0.068198
3	0.171386	8
0	0.842541
0	0.713557
2	0.430774	0.000776
4	0.392288	0.393177
1	0.471313
4	0.431543	0.432537
3	0.574220	86
0	0.711990
2	0.135441	0.000477
3	0.257802	97
2	0.086803	0.000577
0	0.631138
3	0.224990	21
0	0.225113
1	0.475892
1	0.077660
1	0.378381
2	0.856612	0.000815
1	0.426728
1	0.471640
3	0.299801	63
0	0.044678
3	0.797921	6
4	0.121736	0.121819
1	0.034931
2	0.810134	0.000567
0	0.219921
4	0.109232	0.109985
4	0.375872	0.376388
4	0.544466	0.544875
3	0.083428	60
1	0.106251
0	0.461599
4	0.369007	0.369181
1	0.463144
1	0.200383
1	0.471712
4	0.813899	0.814807
0	0.642287
2	0.905144	0.000320
0	0.364103
3	0.287182	99
0	0.492395
3	0.396131	68
0	0.404960
2	0.972089	0.000021
4	0.121057	0.122006
4	0.566477	0.567102
1	0.114932
3	0.501955	76
1	0.598325
2	0.291634	0.000231
1	0.960182
2	0.839278	0.000184
4	0.559188	0.559833
3	0.621227	79
0	0.566617
2	0.029660	0.000187
3	0.593502	1
1	0.615719
3	0.219174	73
0	0.868958
0	0.060022
4	0.019013	0.019136
1	0.629350
1	0.276146
3	0.397523	11
4	0.209581	0.209661
0	0.668896
4	0.797097	0.797644
1	0.152953
2	0.780693	0.000331
3	0.628620	10
2	0.570118	0.000050
2	0.390515	0.000229
3	0.073350	15
3	0.068890	85
3	0.360802	6
1	0.526370
2	0.718711	0.000583
3	0.114287	37
3	0.317636	27
1	0.760798
1	0.853856
1	0.755739
4	0.430310	0.430785
4	0.653953	0.653972
2	0.171604	0.000591
3	0.546733	62
2	0.764923	0.000627
4	0.534258	0.534954
0	0.672282
2	0.280970	0.000425
1	0.931807
2	0.916970	0.000815
3	0.617382	10
1	0.032050
0	0.401011
4	0.612517	0.613517
4	0.543171	0.543501
3	0.505428	61
0	0.555683
2	0.073013	0.000024
0	0.203811
4	0.773530	0.773621
3	0.088530	55
1	0.730367
0	0.245451
0	0.447147
0	0.760847
4	0.420866	0.421597
0	0.925472
3	0.712111	84
3	0.584069	94
0	0.951565
0	0.643637
3	0.884480	19
1	0.264186
4	0.186228	0.186989
2	0.839662	0.000110
2	0.583391	0.000712
2	0.043648	0.000990
4	0.467244	0.468067
2	0.147699	0.000003
0	0.913957
1	0.300864
3	0.915690	84
0	0.897318
3	0.140501	47
3	0.567680	1
1	0.126011
0	0.546867
1	0.814109
4	0.682738	0.682995
0	0.573157
3	0.464399	4
2	0.158137	0.000768
4	0.230175	0.230264
1	0.328637
0	0.196700
2	0.088696	0.000705
4	0.910757	0.910916
0	0.936794
1	0.016667
1	0.397514
1	0.531502
3	0.509975	30
3	0.337240	42
3	0.253843	7
3	0.477377	48
4	0.100652	0.101626
3	0.591889	28
1	0.192572
1	0.692880
1	0.945383
2	0.306556	0.000320
2	0.657008	0.000388
1	0.193551
2	0.093400	0.000932
1	0.013220
4	0.380952	0.381490
3	0.059621	4
4	0.934265	0.934955
3	0.999777	70
2	0.406376	0.000813
1	0.284494
1	0.562980
1	0.951974
3	0.115300	11
3	0.010200	69
2	0.779744	0.000344
2	0.970680	0.000431
1	0.234051
1	0.236370
3	0.000987	42
0	0.026935
2	0.890444	0.000297
2	0.169998	0.000271
3	0.758464	36
0	0.092265
2	0.267472	0.000194
3	0.224555	61
4	0.082053	0.082592
4	0.528770	0.529601
0	0.539647
2	0.683804	0.000207
3	0.362668	78
2	0.671013	0.000431
2	0.044727	0.000107
2	0.780919	0.000670
0	0.136988
2	0.402891	0.000982
3	0.222716	33
3	0.618597	14
4	0.916545	0.917213
4	0.981884	0.982440
3	0.886470	91
2	0.843325	0.000264
1	0.768499
3	0.272531	33
4	0.615420	0.616069
4	0.837964	0.838445
1	0.526971
3	0.262445	77
1	0.753833
4	0.703453	0.704299
3	0.944363	61
4	0.588526	0.589274
1	0.558404
4	0.130553	0.131190
2	0.027377	0.000587
2	0.979507	0.000938
3	0.154862	91
2	0.604982	0.000890
1	0.825053
0	0.090745
1	0.024650
0	0.577535
4	0.848857	0.849404
1	0.471195
3	0.071917	10
3	0.380225	6
3	0.005990	82
4	0.860376	0.860930
2	0.901384	0.000059
4	0.631241	0.631679
1	0.683385
2	0.685977	0.000667
4	0.829418	0.829627
4	0.034773	0.035040
0	0.498162
0	0.422896
2	0.070124	0.000707
2	0.077273	0.000156
0	0.519794
3	0.284862	13
0	0.112464
1	0.809077
1	0.245148
0	0.608357
2	0.009253	0.000239
0	0.668100
2	0.967443	0.000269
3	0.763210	39
1	0.754130
1	0.262378
3	0.733730	48
4	0.256659	0.257046
0	0.526406
3	0.104343	63
0	0.925359
4	0.364442	0.365393
4	0.097280	0.097608
3	0.860532	96
0	0.461339
2	0.898152	0.000529
1	0.917030
1	0.812151
4	0.911560	0.912472
1	0.584807
3	0.696292	91
2	0.358598	0.000153
3	0.274324	94
0	0.113933
0	0.376197
3	0.375471	82
1	0.213128
4	0.857554	0.858161
2	0.148698	0.000623
1	0.121366
1	0.828824
1	0.590111
3	0.144064	13
4	0.414168	0.414647
4	0.004731	0.005254
4	0.893900	0.894726
1	0.712658
0	0.628350
0	0.534071
3	0.335820	1
0	0.067723
3	0.563444	21
1	0.356202
1	0.570872
2	0.553298	0.000210
4	0.638786	0.639327
4	0.287651	0.288154
1	0.988255
2	0.324358	0.000943
0	0.415350
3	0.813137	53
2	0.321051	0.000800
2	0.133808	0.000491
2	0.113357	0.000756
4	0.449049	0.449172
2	0.230415	0.000899
1	0.335022
4	0.176351	0.176481
4	0.119322	0.119892
1	0.617662
1	0.640059
0	0.632952
4	0.008717	0.008980
4	0.761003	0.761151
4	0.176507	0.177083
2	0.348189	0.000668
4	0.682801	0.682872
0	0.238967
4	0.291517	0.291671
2	0.150228	0.000109
4	0.140129	0.140617
1	0.440938
3	0.636972	57
3	0.034537	98
1	0.116315
3	0.253813	36
0	0.392734
4	0.693710	0.694311
4	0.793521	0.794250
1	0.806174
3	0.969558	76
3	0.512141	14
3	0.728146	52
4	0.852111	0.852560
4	0.396119	0.396571
1	0.691823
3	0.147108	43
4	0.161807	0.162532
1	0.845802
3	0.083687	10
0	0.983162
2	0.182255	0.000073
4	0.739063	0.739227
4	0.905077	0.905784
2	0.723243	0.000812
1	0.700439
3	0.890389	6
2	0.739622	0.000763
4	0.024666	0.024999
1	0.861854
0	0.470991
0	0.755445
1	0.466006
4	0.539928	0.539963
4	0.426510	0.427323
0	0.647518
2	0.438881	0.000522
2	0.526399	0.000673
4	0.180056	0.180428
3	0.817161	73
0	0.114483
0	0.741692
1	0.703042
4	0.050238	0.050808
4	0.394668	0.395527
4	0.833169	0.833249
0	0.582774
0	0.352616
4	0.454436	0.455300
2	0.566592	0.000583
2	0.773659	0.000706
1	0.935075
2	0.357269	0.000555
0	0.194914
4	0.787084	0.787688
0	0.915450
2	0.425483	0.000199
0	0.119268
2	0.697701	0.000631
3	0.613834	66
3	0.400420	99
0	0.475941
2	0.780284	0.000862
3	0.984822	41
3	0.571931	64
3	0.861717	13
3	0.476469	78
0	0.290925
0	0.241859
0	0.200667
3	0.503519	22
0	0.203160
1	0.911718
2	0.158739	0.000354
2	0.769059	0.000989
1	0.750946
1	0.198719
0	0.033112
3	0.575996	92
0	0.608652
0	0.746341
3	0.931849	27
2	0.536383	0.000774
4	0.432316	0.433080
3	0.954570	54
1	0.348682
3	0.354618	42
4	0.844968	0.845518
2	0.487934	0.000120
4	0.493319	0.494214
2	0.018813	0.000911
0	0.796260
3	0.855199	71
2	0.903599	0.000459
3	0.688575	10
4	0.014178	0.014719
2	0.716879	0.000143
4	0.561821	0.562054
0	0.745132
2	0.401820	0.000092
3	0.866137	55
3	0.899926	46
4	0.553380	0.553657
1	0.750751
4	0.240629	0.241189
4	0.063966	0.064620
2	0.942177	0.000080
3	0.382505	40
0	0.296280
4	0.779311	0.779574
1	0.327117
2	0.113791	0.000175
0	0.747178
2	0.265895	0.000894
1	0.835807
1	0.267664
2	0.927095	0.000739
1	0.303679
1	0.116552
2	0.432240	0.000084
2	0.841560	0.000803
2	0.391883	0.000547
3	0.447751	77
2	0.375427	0.000455
4	0.758899	0.759220
4	0.751560	0.751772
3	0.064916	17
3	0.546243	48
2	0.381970	0.000621
3	0.565688	92
1	0.035122
4	0.112788	0.113436
1	0.249611
1	0.766871
4	0.058060	0.058227
4	0.961863	0.961990
3	0.214596	86
3	0.011291	48
0	0.802205
0	0.869294
0	0.828878
3	0.301797	51
4	0.648132	0.648256
0	0.071662
1	0.682672
0	0.261652
1	0.900939
2	0.226945	0.000951
1	0.936198
3	0.172544	40
3	0.185713	35
1	0.378905
4	0.526925	0.526964
0	0.959613
2	0.136755	0.000444
2	0.483943	0.000084
2	0.170900	0.000198
2	0.781172	0.000624
4	0.389307	0.389508
3	0.179999	98
1	0.975925
4	0.846147	0.847057
4	0.160269	0.160501
0	0.036629
0	0.478871
4	0.245763	0.246499
2	0.060647	0.000966
3	0.220644	14
1	0.044892
1	0.091342
3	0.906998	4
1	0.922818
1	0.928200
3	0.541417	85
1	0.629848
3	0.148720	42
2	0.517445	0.000420
3	0.509646	65
1	0.403626
0	0.080031
4	0.511991	0.512052
3	0.368769	47
0	0.017163
3	0.141052	78
4	0.473896	0.474096
2	0.433680	0.000807
3	0.177791	50
0	0.105966
1	0.936970
0	0.991834
0	0.866077
1	0.970618
4	0.287823	0.288004
1	0.116897
1	0.351234
1	0.823544
0	0.817415
0	0.921261
3	0.289972	61
2	0.315577	0.000222
4	0.912243	0.912984
0	0.573332
4	0.549150	0.550005
2	0.861825	0.000290
2	0.591613	0.000735
4	0.162496	0.162707
0	0.720174
2	0.014634	0.000824
3	0.361209	45
4	0.898369	0.899221
0	0.357392
4	0.871241	0.871985
3	0.847734	8
1	0.130188
0	0.256874
3	0.374048	50
2	0.238365	0.000271
4	0.660506	0.660784
2	0.181778	0.000641
3	0.428341	85
3	0.596347	99
2	0.079746	0.000747
2	0.922864	0.000829
0	0.822216
0	0.714336
0	0.511479
4	0.304070	0.305042
3	0.358951	87
1	0.258421
1	0.575454
3	0.764158	3
3	0.572459	36
2	0.813832	0.000181
0	0.682333
4	0.368282	0.368759
3	0.026500	28
2	0.226590	0.000802
4	0.072294	0.073027
3	0.259238	54
3	0.750684	79
3	0.017513	36
2	0.364653	0.000410
4	0.394631	0.394907
2	0.368668	0.000589
1	0.620009
4	0.779342	0.779589
4	0.796972	0.797561
4	0.935775	0.936147
1	0.198931
2	0.907132	0.000741
0	0.704974
0	0.590729
4	0.348737	0.349089
1	0.236137
2	0.032640	0.000127
2	0.284033	0.000990
4	0.544950	0.545443
4	0.423718	0.423740
3	0.138476	88
3	0.042053	22
3	0.894188	24
4	0.456409	0.456523
0	0.836444
0	0.093086
3	0.623023	68
1	0.473769
4	0.174607	0.175009
2	0.570328	0.000814
0	0.498334
0	0.647376
0	0.381127
1	0.756741
0	0.152197
4	0.514694	0.515378
0	0.712964
2	0.702974	0.000874
4	0.736198	0.736617
3	0.953646	45
4	0.551415	0.552391
2	0.582808	0.000106
0	0.954457
0	0.629535
0	0.623066
1	0.050019
0	0.992362
3	0.095737	41
3	0.995255	57
1	0.489317
3	0.502542	76
2	0.380029	0.000868
4	0.456647	0.457413
4	0.939598	0.940157
0	0.736237
3	0.527607	72
0	0.112164
0	0.130272
2	0.883893	0.000483
4	0.046069	0.046354
4	0.569724	0.569981
4	0.906867	0.907069
3	0.371621	48
2	0.215713	0.000955
4	0.406598	0.407592
3	0.143759	59
1	0.174921
3	0.243909	85
3	0.015399	88
0	0.884337
2	0.408917	0.000592
1	0.875384
3	0.253732	3
2	0.892850	0.000173
4	0.771149	0.772089
2	0.388250	0.000669
4	0.386376	0.386933
0	0.482568
4	0.909519	0.910020
3	0.471479	47
0	0.308076
2	0.464379	0.000365
3	0.741707	58
4	0.257153	0.257477
1	0.510924
0	0.786815
1	0.721602
4	0.765962	0.766543
2	0.460978	0.000273
0	0.186601
3	0.376135	81
2	0.072518	0.000313
2	0.429442	0.000194
2	0.078466	0.000249
3	0.815530	3
0	0.534387
1	0.731643
4	0.503306	0.503503
4	0.422627	0.422948
4	0.672703	0.673329
4	0.405952	0.406334
3	0.930277	33
4	0.433619	0.434107
0	0.811925
1	0.108993
3	0.717313	49
3	0.889804	96
1	0.222354
1	0.552626
3	0.037394	48
4	0.905626	0.905729
2	0.702651	0.000759
1	0.882516
3	0.523534	2
1	0.379935
2	0.679052	0.000672
2	0.016031	0.000895
0	0.466782
2	0.998202	0.000820
1	0.992810
1	0.613880
2	0.431153	0.000175
4	0.370225	0.370834
4	0.484487	0.485149
2	0.922343	0.000999
2	0.682352	0.000735
2	0.015048	0.000444
4	0.906849	0.907183
3	0.967485	11
4	0.030334	0.030490
4	0.829278	0.830191
0	0.784510
2	0.064175	0.000753
0	0.924817
0	0.330969
1	0.618804
4	0.990689	0.991346
0	0.839776
1	0.525032
2	0.807688	0.000709
1	0.049967
0	0.216061
2	0.848722	0.000496
2	0.229033	0.000552
2	0.090796	0.000582
1	0.307705
3	0.243330	44
2	0.426767	0.000332
0	0.497618
2	0.039272	0.000564
3	0.533158	30
0	0.189024
4	0.926704	0.927655
1	0.331553
0	0.285720
1	0.421571
0	0.226687
1	0.280055
4	0.127441	0.127945
2	0.969073	0.000738
3	0.592619	64
4	0.071384	0.071571
4	0.632170	0.633011
2	0.037975	0.000726
1	0.814170
0	0.626844
0	0.315587
4	0.769232	0.770044
3	0.425841	4
1	0.562196
2	0.585571	0.000489
4	0.411563	0.411721
4	0.303195	0.303685
3	0.718627	56
2	0.926031	0.000936
4	0.936699	0.936855
4	0.527917	0.528670
2	0.356638	0.000038
3	0.831745	28
1	0.035429
3	0.825896	37
0	0.929334
3	0.787783	40
4	0.343054	0.343500
4	0.457022	0.457748
2	0.486134	0.000866
2	0.653634	0.000970
0	0.674739
3	0.939277	89
1	0.117773
4	0.379618	0.380025
4	0.244503	0.245344
4	0.493032	0.493304
0	0.311789
1	0.468999
1	0.149785
3	0.284946	13
0	0.445694
3	0.503289	82
4	0.650705	0.651019
4	0.002898	0.002996
2	0.597176	0.000063
3	0.281636	7
4	0.900428	0.900538
2	0.445829	0.000202
1	0.914368
1	0.957800
2	0.932700	0.000454
0	0.254041
1	0.241997
2	0.267045	0.000290
3	0.481842	65
4	0.405233	0.405718
2	0.367128	0.000318
3	0.239895	41
0	0.203806
3	0.316162	54
2	0.758395	0.000823
0	0.262685
4	0.653539	0.653820
4	0.728360	0.729053
4	0.816197	0.816574
4	0.259171	0.259609
4	0.043371	0.043526
0	0.261047
0	0.848413
0	0.882842
3	0.957600	93
1	0.714674
4	0.610336	0.610378
1	0.256260
4	0.324161	0.325136
1	0.159539
0	0.826841
2	0.703773	0.000344
0	0.727029
4	0.725143	0.725211
3	0.815984	10
3	0.679543	89
2	0.422420	0.000110
4	0.773609	0.773775
0	0.964275
0	0.966657
0	0.837320
4	0.643114	0.643748
1	0.072385
1	0.240090
0	0.153097
1	0.787455
0	0.712591
0	0.376305
4	0.646905	0.647735
0	0.867147
1	0.949719
2	0.157151	0.000897
4	0.304571	0.305328
3	0.414875	63
2	0.845016	0.000499
2	0.571798	0.000382
2	0.622232	0.000556
2	0.560544	0.000051
2	0.166217	0.000241
1	0.642115
2	0.600440	0.000364
2	0.570772	0.000340
1	0.754710
1	0.882437
2	0.790800	0.000105
4	0.224802	0.224990
3	0.799338	48
3	0.635347	7
2	0.994304	0.000468
0	0.287917
4	0.444995	0.445526
2	0.051147	0.000158
3	0.223824	11
3	0.896139	4
3	0.660433	90
0	0.852759
4	0.155360	0.155404
2	0.093988	0.000957
0	0.282053
3	0.941783	73
4	0.916166	0.916865
1	0.675793
3	0.553831	25
3	0.841616	77
0	0.130184
2	0.687388	0.000732
3	0.059062	27
2	0.567985	0.000048
0	0.245949
1	0.132359
1	0.987943
2	0.015959	0.000341
4	0.718018	0.718570
4	0.022119	0.022764
4	0.356024	0.356451
0	0.847091
3	0.259267	81
0	0.772558
2	0.295343	0.000054
0	0.113791
0	0.541978
0	0.354664
3	0.992179	72
4	0.520088	0.520653
4	0.789730	0.789961
3	0.965761	60
0	0.005474
2	0.207084	0.000516
2	0.891538	0.000727
4	0.234073	0.234169
2	0.156849	0.000048
1	0.136915
1	0.584771
1	0.744810
2	0.980584	0.000984
4	0.478370	0.479344
4	0.281465	0.282420
2	0.170912	0.000989
4	0.745665	0.746499
1	0.584689
0	0.765377
4	0.612287	0.612416
4	0.367181	0.367880
2	0.136930	0.000479
3	0.326972	66
4	0.248934	0.249588
3	0.052733	70
3	0.013692	31
2	0.677994	0.000679
1	0.387078
3	0.778140	4
3	0.613804	16
4	0.886378	0.887253
0	0.591053
2	0.043156	0.000361
1	0.934301
4	0.928529	0.928999
4	0.458157	0.458592
3	0.435733	42
2	0.792923	0.000307
1	0.434751
2	0.996728	0.000968
2	0.147530	0.000028
2	0.634443	0.000542
4	0.409343	0.409795
0	0.019207
4	0.282188	0.283129
0	0.281450
0	0.222896
4	0.991668	0.992540
4	0.134320	0.134927
0	0.847329
3	0.772560	69
3	0.945446	47
3	0.343464	8
4	0.142459	0.142466
0	0.638322
4	0.112460	0.113235
1	0.139467
4	0.010319	0.010831
3	0.416546	82
3	0.154890	71
3	0.158606	50
1	0.095173
0	0.931345
3	0.551375	78
0	0.345996
4	0.988080	0.988716
2	0.506312	0.000810
3	0.496839	8
3	0.453574	64
4	0.111791	0.111861
4	0.607419	0.607747
3	0.920088	89
2	0.587248	0.000564
0	0.306345
0	0.657056
4	0.236964	0.237711
1	0.297934
0	0.869703
1	0.959750
0	0.296784
0	0.353332
3	0.708470	6
0	0.513244
3	0.894630	29
4	0.162918	0.163401
0	0.873194
0	0.720816
4	0.990363	0.990905
1	0.401830
1	0.375665
4	0.197067	0.197138
1	0.666674
1	0.260256
4	0.911153	0.911870
3	0.768148	15
2	0.552934	0.000956
4	0.148467	0.149126
4	0.398043	0.398745
0	0.683486
2	0.739558	0.000954
3	0.366260	65
1	0.616528
1	0.024235
3	0.528483	48
3	0.473392	21
3	0.001190	15
1	0.950833
3	0.005398	41
1	0.355610
2	0.368660	0.000321
2	0.581205	0.000841
0	0.527030
0	0.387319
3	0.683443	66
4	0.610511	0.610935
0	0.396235
4	0.165561	0.165911
0	0.522376
0	0.755545
0	0.704396
0	0.062065
4	0.568074	0.568443
4	0.757185	0.757346
3	0.053384	57
2	0.396203	0.000894
4	0.401582	0.401717
2	0.419264	0.000871
4	0.316416	0.316570
4	0.133122	0.133497
4	0.378864	0.379632
1	0.114320
3	0.017947	6
4	0.114730	0.115415
0	0.374219
4	0.312488	0.313389
4	0.700160	0.701057
1	0.693208
2	0.683059	0.000012
1	0.978977
0	0.392153
1	0.211134
2	0.998696	0.000082
2	0.697531	0.000082
0	0.002688
3	0.456943	1
0	0.403053
4	0.018672	0.019319
1	0.258569
0	0.858411
0	0.007006
3	0.033976	2
2	0.310478	0.000080
4	0.181781	0.182301
0	0.463413
3	0.363550	52
4	0.205973	0.206247
3	0.920926	33
3	0.854048	66
4	0.378541	0.378957
4	0.514963	0.515201
0	0.172282
4	0.456474	0.456797
3	0.501688	87
3	0.031623	34
3	0.936084	62
4	0.044844	0.045635
1	0.790128
3	0.182991	70
1	0.860636
2	0.000785	0.000715
0	0.388819
3	0.415727	65
3	0.533982	38
2	0.812356	0.000060
3	0.559911	33
2	0.028144	0.000305
4	0.341840	0.342465
0	0.771599
2	0.316110	0.000568
3	0.140154	59
4	0.527479	0.528130
3	0.364479	29
4	0.588339	0.589017
4	0.402973	0.403110
3	0.545712	40
2	0.636032	0.000195
4	0.022095	0.022111
3	0.269724	91
0	0.005683
1	0.325067
2	0.349647	0.000741
3	0.895754	82
4	0.255581	0.256321
4	0.928797	0.929524
1	0.273632
4	0.082976	0.083592
1	0.931564
3	0.179838	11
2	0.756094	0.000562
0	0.971542
1	0.852791
3	0.512233	96
4	0.002899	0.003860
4	0.702891	0.703157
4	0.011461	0.012368
4	0.429797	0.430396
2	0.097794	0.000486
3	0.332570	43
0	0.788836
2	0.053001	0.000198
4	0.743904	0.744878
3	0.632120	51
4	0.085656	0.086211
3	0.522857	47
3	0.404673	9
1	0.947891
3	0.046206	42
2	0.658990	0.000735
1	0.950415
4	0.536378	0.536713
1	0.261309
1	0.498891
1	0.038165
1	0.140012
2	0.639399	0.000904
3	0.138176	55
4	0.780491	0.780638
3	0.327742	5
3	0.258969	70
1	0.642130
1	0.230397
4	0.694090	0.694147
4	0.769328	0.770123
1	0.488029
0	0.085179
0	0.962840
3	0.624797	79
3	0.901846	94
4	0.411361	0.411740
3	0.769752	83
1	0.269940
1	0.058175
0	0.622106
0	0.062951
0	0.864084
2	0.720602	0.000515
3	0.994333	51
3	0.508027	10
4	0.677400	0.678299
0	0.439041
4	0.598376	0.599205
2	0.902648	0.000768
2	0.600861	0.000406
2	0.959854	0.000946
0	0.786753
4	0.679259	0.679455
3	0.008324	59
4	0.078836	0.079638
1	0.533835
2	0.459707	0.000704
2	0.750918	0.000053
4	0.870198	0.870440
3	0.187231	59
0	0.015508
0	0.495937
2	0.259158	0.000218
2	0.645904	0.000670
2	0.201506	0.000851
4	0.317409	0.317800
2	0.043134	0.000033
2	0.488200	0.000381
2	0.947722	0.000352
0	0.570833
2	0.032510	0.000999
0	0.173168
2	0.688222	0.000587
4	0.108831	0.109053
0	0.268832
4	0.475898	0.476702
0	0.858506
3	0.134229	14
4	0.837400	0.838058
2	0.274934	0.000837
4	0.654949	0.655455
0	0.306974
1	0.109613
4	0.538666	0.539144
0	0.379673
0	0.242736
3	0.298616	87
2	0.657924	0.000994
0	0.927222
1	0.104717
0	0.749558
3	0.278793	10
2	0.433661	0.000395
3	0.964622	71
3	0.895988	87
0	0.672038
0	0.652436
1	0.878436
0	0.674235
1	0.189497
2	0.216119	0.000320
0	0.215753
4	0.624209	0.624543
1	0.774743
2	0.540393	0.000584
1	0.129341
1	0.472354
0	0.373794
2	0.428894	0.000781
0	0.969205
0	0.708013
1	0.771265
1	0.610025
4	0.902624	0.903435
3	0.452116	90
3	0.591582	50
0	0.523704
4	0.884703	0.885001
4	0.833676	0.834032
0	0.486907
1	0.570550
2	0.000563	0.000542
4	0.415262	0.415321
1	0.363798
3	0.371573	89
2	0.785835	0.000865
2	0.254879	0.000875
4	0.659224	0.660221
0	0.715112
3	0.785162	7
1	0.136311
4	0.655421	0.656398
2	0.790441	0.000510
1	0.076433
0	0.823410
3	0.868130	68
3	0.948406	76
2	0.455162	0.000067
1	0.715967
2	0.408175	0.000393
0	0.746559
3	0.885481	66
4	0.566048	0.566237
3	0.334288	92
4	0.456395	0.457268
1	0.573446
4	0.346560	0.346738
4	0.213114	0.213336
2	0.339363	0.000054
1	0.008536
4	0.988636	0.989419
4	0.711700	0.711846
0	0.809605
0	0.443853
2	0.047253	0.000778
0	0.443512
4	0.181604	0.182364
3	0.677745	46
1	0.230154
2	0.020088	0.000800
0	0.121825
0	0.410872
0	0.657875
1	0.877485
0	0.633543
1	0.264382
4	0.899369	0.900218
4	0.659592	0.660255
2	0.445651	0.000550
4	0.894792	0.894940
0	0.788980
2	0.459861	0.000081
4	0.127394	0.127575
1	0.106139
3	0.454243	1
1	0.015269
0	0.767986
4	0.783826	0.784141
2	0.787501	0.000662
4	0.237030	0.237298
4	0.679092	0.679439
1	0.713179
4	0.387870	0.388841
2	0.324893	0.000971
0	0.494424
3	0.870493	14
2	0.969488	0.000895
1	0.795915
2	0.817508	0.000385
3	0.857543	38
4	0.200082	0.200661
4	0.844482	0.845442
3	0.551532	95
1	0.996651
2	0.378890	0.000678
4	0.146475	0.147155
1	0.380180
4	0.632875	0.633264
1	0.976481
2	0.069630	0.000125
2	0.898323	0.000825
1	0.476638
3	0.434409	31
1	0.684826
2	0.748610	0.000859
0	0.173908
0	0.173908
4	0.197002	0.197363
0	0.268131
4	0.988921	0.989624
1	0.927059
1	0.860404
4	0.142420	0.142979
1	0.835564
2	0.271671	0.000278
3	0.211479	73
1	0.557498
1	0.216655
1	0.102084
2	0.580565	0.000666
1	0.132382
4	0.914550	0.914793
1	0.185358
0	0.138161
4	0.019922	0.020407
0	0.386035
1	0.927556
1	0.091360
3	0.511985	76
1	0.566985
3	0.288989	68
0	0.255361
2	0.992013	0.000930
1	0.997247
1	0.984799
3	0.649522	65
1	0.525416
1	0.723152
0	0.271351
1	0.394627
2	0.935511	0.000675
0	0.485642
2	0.182251	0.000603
2	0.402453	0.000792
3	0.497063	65
4	0.872246	0.872448
0	0.504543
4	0.359911	0.360015
3	0.081486	32
0	0.551811
1	0.280512
2	0.272984	0.000831
0	0.417817
4	0.050154	0.050426
0	0.526830
0	0.128110
1	0.300596
1	0.950399
2	0.976675	0.000905
1	0.053404
2	0.810622	0.000377
2	0.960440	0.000281
0	0.518135
4	0.013650	0.014482
3	0.594151	45
1	0.314628
0	0.874067
2	0.391388	0.000112
0	0.446122
3	0.391965	8
0	0.381566
3	0.318372	20
0	0.364886
3	0.811947	62
0	0.694481
1	0.188339
0	0.779015
3	0.072049	40
4	0.869303	0.869519
1	0.414241
2	0.781141	0.000695
2	0.073000	0.000085
0	0.372038
0	0.076529
3	0.776891	3
4	0.304877	0.305221
3	0.356481	52
2	0.852277	0.000755
3	0.690638	9
1	0.686710
3	0.358835	54
3	0.154657	93
4	0.067836	0.068505
2	0.212280	0.000946
2	0.519380	0.000030
4	0.326887	0.327108
1	0.872872
2	0.375401	0.000989
0	0.070859
3	0.557515	50
4	0.119952	0.119971
4	0.276812	0.276879
0	0.786949
1	0.132147
1	0.852864
3	0.533412	37
4	0.427279	0.428194
2	0.565278	0.000495
1	0.857375
3	0.938478	50
2	0.961044	0.000172
3	0.388308	89
2	0.549296	0.000234
0	0.495381
4	0.093205	0.093982
2	0.377350	0.000961
2	0.931001	0.000895
2	0.234803	0.000812
3	0.539442	55
4	0.535178	0.535869
0	0.012051
3	0.356491	31
0	0.693191
4	0.432599	0.433152
4	0.574147	0.574803
1	0.067235
1	0.995169
1	0.590761
0	0.464611
4	0.678509	0.679402
0	0.478042
0	0.184067
2	0.144058	0.000452
1	0.397768
3	0.709755	28
1	0.347207
0	0.157605
3	0.018029	98
0	0.843914
2	0.717491	0.000836
1	0.257368
3	0.196268	56
4	0.044785	0.045599
3	0.998799	58
1	0.544975
2	0.598608	0.000175
3	0.885596	70
3	0.213349	37
1	0.570900
2	0.488133	0.000972
2	0.942399	0.000066
2	0.820560	0.000896
0	0.006291
2	0.534990	0.000198
4	0.021861	0.021908
0	0.983228
0	0.433898
1	0.805087
1	0.888903
3	0.499526	99
2	0.835770	0.000055
0	0.231766
0	0.102516
0	0.356940
3	0.088866	25
0	0.334120
3	0.526170	51
2	0.413177	0.000606
0	0.420676
4	0.580909	0.581804
1	0.034963
1	0.150678
3	0.937458	8
0	0.979897
3	0.312281	9
1	0.780683
0	0.347662
0	0.919309
4	0.805886	0.806453
0	0.487452
0	0.607771
2	0.782225	0.000468
3	0.019334	11
3	0.227322	78
2	0.890866	0.000091
2	0.118033	0.000577
3	0.685397	82
3	0.767685	39
2	0.244593	0.000893
1	0.606233
0	0.756960
0	0.110270
2	0.484141	0.000667
2	0.653886	0.000927
4	0.500074	0.500447
0	0.942552
3	0.580791	90
1	0.202344
3	0.514004	62
2	0.439569	0.000513
2	0.734763	0.000477
4	0.148956	0.149239
3	0.992054	94
0	0.728186
4	0.364388	0.364434
0	0.151925
1	0.546236
0	0.426876
2	0.236902	0.000462
4	0.354115	0.354641
2	0.349863	0.000346
2	0.468749	0.000508
2	0.648266	0.000799
3	0.043727	83
1	0.433114
2	0.752408	0.000616
3	0.433811	67
1	0.280010
0	0.381758
3	0.361149	2
1	0.516156
4	0.179640	0.179926
3	0.515167	84
0	0.557452
3	0.035626	37
3	0.409118	86
3	0.215253	81
0	0.998153
1	0.781859
1	0.096973
3	0.679622	32
1	0.395822
0	0.321016
3	0.587154	46
1	0.068304
3	0.720054	8
3	0.800456	58
4	0.769302	0.770148
1	0.242759
1	0.447533
2	0.028069	0.000115
3	0.231280	68
4	0.065284	0.065819
4	0.029922	0.030595
1	0.655459
0	0.876473
1	0.506904
3	0.611866	24
4	0.418655	0.419190
4	0.522365	0.522762
4	0.633324	0.633442
0	0.679124
3	0.874297	13
3	0.873963	85
2	0.709264	0.000227
3	0.458693	47
1	0.139186
2	0.963552	0.000865
3	0.274746	24
0	0.418691
4	0.214790	0.214883
3	0.872888	53
3	0.512140	2
1	0.014888
1	0.014888
1	0.324143
0	0.039806
0	0.918565
2	0.316331	0.000515
4	0.719320	0.719735
3	0.614818	42
2	0.595580	0.000416
4	0.797464	0.798373
2	0.192232	0.000256
4	0.602853	0.603740
3	0.908603	62
1	0.813889
1	0.554950
3	0.080822	4
2	0.258985	0.000609
3	0.834617	77
3	0.883781	78
1	0.166783
2	0.544696	0.000758
3	0.139052	69
2	0.295112	0.000942
0	0.877440
4	0.801718	0.801759
2	0.174821	0.000551
4	0.219169	0.219404
0	0.467882
2	0.212431	0.000746
4	0.492880	0.493551
1	0.820776
0	0.222147
1	0.041240
1	0.772620
2	0.163571	0.000048
2	0.823334	0.000904
0	0.854415
0	0.302262
2	0.588999	0.000538
2	0.180488	0.000839
1	0.341422
1	0.153736
2	0.704901	0.000627
3	0.627058	78
3	0.361098	9
3	0.114808	8
2	0.872017	0.000631
2	0.038155	0.000184
3	0.609968	49
1	0.327828
4	0.697659	0.697983
2	0.402287	0.000265
0	0.538635
3	0.273223	17
4	0.248593	0.248929
4	0.698542	0.699349
4	0.099186	0.100053
2	0.641882	0.000691
4	0.258787	0.259566
2	0.909821	0.000694
1	0.881692
2	0.814546	0.000553
4	0.064732	0.065657
2	0.739813	0.000963
2	0.520735	0.000567
2	0.607455	0.000731
2	0.194143	0.000630
2	0.893611	0.000927
3	0.518455	97
1	0.187366
4	0.865733	0.865733
2	0.811941	0.000601
0	0.652986
1	0.669918
1	0.358603
4	0.103999	0.104706
1	0.852211
3	0.040504	38
0	0.090176
2	0.943960	0.000562
1	0.312250
0	0.180501
2	0.749831	0.000909
1	0.757554
4	0.072498	0.072908
0	0.267186
1	0.531899
2	0.433256	0.000657
3	0.948448	44
0	0.360122
1	0.247078
3	0.145318	51
4	0.794761	0.795413
1	0.378399
2	0.600135	0.000861
0	0.142307
1	0.741558
2	0.355348	0.000404
3	0.456590	58
1	0.122289
0	0.806706
2	0.996603	0.000976
0	0.715392
2	0.836883	0.000495
1	0.825689
2	0.772616	0.000278
2	0.477134	0.000264
3	0.570922	27
3	0.895588	44
3	0.166209	35
0	0.399860
0	0.540707
1	0.831983
1	0.309556
0	0.601475
0	0.186981
1	0.248670
1	0.046102
2	0.094918	0.000291
4	0.259531	0.259624
3	0.409361	3
2	0.137984	0.000487
3	0.098073	87
3	0.061657	20
3	0.533158	7
2	0.669833	0.000974
2	0.950142	0.000102
3	0.253884	42
4	0.103219	0.103361
1	0.140138
1	0.380225
2	0.609535	0.000239
2	0.977858	0.000497
0	0.832659
0	0.162856
3	0.106412	93
0	0.449460
3	0.119850	71
2	0.619763	0.000312
3	0.454163	60
0	0.540420
1	0.869113
0	0.488282
4	0.004166	0.004350
0	0.732004
0	0.471220
1	0.803626
2	0.242362	0.000770
4	0.856753	0.857242
3	0.021547	40
1	0.050716
1	0.775936
1	0.209850
4	0.855152	0.855225
0	0.841868
0	0.346335
2	0.998486	0.000603
3	0.912039	34
2	0.044558	0.000178
0	0.016482
1	0.805434
0	0.866627
4	0.537554	0.538214
4	0.866221	0.866272
4	0.090894	0.091387
4	0.221254	0.221335
2	0.544788	0.000762
3	0.787862	19
1	0.769451
3	0.430282	21
4	0.078733	0.078741
1	0.751626
4	0.158332	0.159199
4	0.784954	0.785370
4	0.404706	0.405420
2	0.505023	0.000064
2	0.178895	0.000495
2	0.219884	0.000821
1	0.261375
1	0.596366
0	0.076132
4	0.991269	0.992187
0	0.972995
2	0.380645	0.000885
2	0.070584	0.000327
1	0.078710
4	0.542650	0.542693
3	0.246154	66
1	0.709757
0	0.007789
4	0.833845	0.834277
3	0.765257	2
3	0.928949	30
4	0.231046	0.232014
1	0.331285
4	0.661769	0.661878
3	0.050679	12
0	0.311191
1	0.809609
1	0.629986
2	0.435427	0.000840
4	0.055128	0.055293
2	0.426962	0.000149
4	0.122593	0.123444
1	0.694750
2	0.710587	0.000453
4	0.367929	0.368400
3	0.325065	44
2	0.012918	0.000746
1	0.740345
3	0.513197	84
4	0.094765	0.095108
3	0.224603	25
1	0.759091
4	0.686551	0.686861
2	0.302299	0.000339
4	0.497675	0.497695
3	0.527848	99
4	0.868214	0.868579
0	0.332332
2	0.684402	0.000882
3	0.914352	25
2	0.927886	0.000826
1	0.172338
0	0.387819
2	0.658718	0.000631
3	0.376463	33
3	0.945849	20
0	0.098350
3	0.435093	63
4	0.372310	0.372826
3	0.554105	11
4	0.084383	0.085200
2	0.922057	0.000203
4	0.228656	0.229079
0	0.722623
4	0.359713	0.360168
2	0.245708	0.000585
3	0.969880	83
0	0.209031
3	0.120731	21
1	0.725659
3	0.716059	72
1	0.039613
4	0.811620	0.811705
4	0.434942	0.435821
2	0.475633	0.000198
0	0.399014
1	0.196602
0	0.036562
1	0.632841
4	0.324895	0.325408
3	0.581162	80
0	0.272220
1	0.847053
3	0.187819	33
0	0.457425
2	0.214526	0.000723
2	0.162075	0.000223
2	0.635622	0.000794
2	0.529465	0.000003
1	0.759898
0	0.854267
0	0.350662
3	0.400481	97
0	0.762692
1	0.762268
1	0.675275
4	0.333143	0.333442
1	0.299534
0	0.270530
4	0.629936	0.630724
2	0.975726	0.000048
0	0.344363
2	0.253017	0.000769
1	0.378595
1	0.479061
0	0.076589
0	0.335899
1	0.293020
0	0.947700
0	0.716502
0	0.796355
1	0.490834
3	0.732749	53
1	0.286118
3	0.634325	91
2	0.014805	0.000434
1	0.759482
3	0.380261	11
4	0.660293	0.660573
2	0.743358	0.000206
1	0.212527
3	0.264481	0
4	0.120109	0.120912
4	0.799212	0.800069
0	0.737034
4	0.829166	0.829852
4	0.882104	0.882201
3	0.833787	60
3	0.068489	88
0	0.120046
4	0.528375	0.528876
3	0.147477	2
2	0.744677	0.000985
1	0.708809
2	0.442953	0.000236
3	0.967548	19
1	0.839356
0	0.542189
3	0.549983	38
4	0.829111	0.829269
0	0.443250
1	0.392834
4	0.974134	0.974846
3	0.036544	81
4	0.821005	0.821926
4	0.777083	0.777218
1	0.186699
0	0.642649
0	0.940727
4	0.666059	0.666705
1	0.526148
1	0.952154
3	0.937064	59
1	0.838932
2	0.572211	0.000218
3	0.009891	75
4	0.965649	0.966019
0	0.604788
3	0.270017	61
3	0.427755	29
4	0.734238	0.734538
4	0.249985	0.250556
4	0.864075	0.864604
3	0.870345	89
1	0.872531
3	0.086814	86
1	0.638569
4	0.268681	0.269647
4	0.950400	0.950562
4	0.856973	0.857258
2	0.928025	0.000081
0	0.556079
3	0.258614	97
0	0.783129
0	0.931973
4	0.558026	0.558931
3	0.179111	96
0	0.204613
2	0.678557	0.000798
0	0.322293
2	0.658262	0.000212
4	0.899412	0.899874
1	0.669349
2	0.968155	0.000084
4	0.336447	0.337034
0	0.701405
1	0.342554
4	0.430288	0.430676
0	0.798818
3	0.128546	81
1	0.272881
0	0.016423
4	0.599586	0.600276
1	0.042191
2	0.242154	0.000326
2	0.758390	0.000652
1	0.390670
0	0.500144
1	0.760779
3	0.137544	94
1	0.857866
3	0.225231	60
1	0.668154
1	0.448984
3	0.661098	73
1	0.575802
3	0.670855	62
4	0.197890	0.198476
3	0.662158	84
2	0.548859	0.000979
0	0.373421
2	0.118987	0.000911
1	0.386588
3	0.679432	18
4	0.729718	0.730276
3	0.699680	35
3	0.560193	52
2	0.283962	0.000364
2	0.450711	0.000557
4	0.916791	0.917212
1	0.220168
4	0.912701	0.913653
0	0.533864
1	0.688699
1	0.025482
2	0.822221	0.000733
4	0.181857	0.182709
1	0.561683
3	0.404379	32
2	0.481551	0.000810
2	0.752067	0.000011
1	0.777115
4	0.595371	0.595396
3	0.476313	59
1	0.615347
0	0.607752
2	0.755468	0.000085
0	0.260685
1	0.439758
2	0.015637	0.000547
2	0.128585	0.000441
2	0.863855	0.000733
4	0.276408	0.276939
4	0.236705	0.237223
3	0.396376	81
1	0.724707
3	0.519606	68
4	0.874561	0.875006
3	0.623331	25
1	0.146503
2	0.417935	0.000984
4	0.984198	0.984919
0	0.605241
2	0.759318	0.000627
4	0.324638	0.324852
2	0.336242	0.000513
2	0.484548	0.000140
4	0.224054	0.224683
3	0.271455	99
2	0.746542	0.000166
4	0.660123	0.660301
4	0.718740	0.719070
2	0.071808	0.000175
4	0.119185	0.119244
3	0.501013	79
1	0.820949
2	0.115732	0.000743
4	0.113097	0.113260
1	0.528935
4	0.305094	0.305469
2	0.054494	0.000680
0	0.808456
2	0.591784	0.000288
1	0.156580
1	0.967742
4	0.022358	0.022444
1	0.524281
0	0.391652
1	0.384466
3	0.591489	83
1	0.410901
3	0.042745	86
4	0.205197	0.206030
0	0.057955
0	0.048544
0	0.125799
1	0.168580
2	0.685287	0.000511
1	0.776054
2	0.904389	0.000995
3	0.106780	2
3	0.056808	18
4	0.989480	0.989603
0	0.279026
1	0.355749
2	0.944427	0.000168
3	0.416424	20
4	0.089295	0.089677
3	0.255260	42
4	0.599698	0.599726
0	0.381549
2	0.572469	0.000133
3	0.941263	22
0	0.115614
0	0.292074
2	0.493377	0.000118
1	0.568151
0	0.255472
2	0.949747	0.000197
3	0.468665	18
2	0.470648	0.000733
4	0.941998	0.942981
2	0.672968	0.000245
0	0.987657
2	0.237268	0.000077
4	0.274221	0.275003
3	0.532820	7
0	0.676659
1	0.012379
0	0.784234
1	0.616429
1	0.070822
3	0.503188	55
3	0.165656	89
2	0.038839	0.000951
2	0.742003	0.000133
2	0.467937	0.000169
3	0.842120	59
2	0.902784	0.000036
4	0.361281	0.361762
3	0.512042	25
4	0.666560	0.667217
2	0.346188	0.000305
4	0.378787	0.379737
2	0.795800	0.000704
3	0.787905	78
2	0.254891	0.000025
1	0.180326
3	0.134831	32
1	0.546135
4	0.421810	0.422154
4	0.825520	0.826086
2	0.969067	0.000111
4	0.945054	0.946039
4	0.123070	0.123580
0	0.358881
1	0.734908
1	0.166401
3	0.890053	58
3	0.852071	66
3	0.328687	23
3	0.029956	34
3	0.863509	90
4	0.863162	0.863706
2	0.477012	0.000638
3	0.632017	21
2	0.538198	0.000486
2	0.037596	0.000216
2	0.345297	0.000346
4	0.029058	0.029234
3	0.421061	39
0	0.349991
0	0.752291
2	0.812481	0.000815
1	0.801908
3	0.667314	1
0	0.058198
3	0.094609	94
0	0.471571
1	0.818250
2	0.772868	0.000138
0	0.793327
0	0.266990
0	0.191123
0	0.291517
4	0.681311	0.681559
1	0.697286
1	0.872842
3	0.050402	95
4	0.586328	0.586925
2	0.767332	0.000066
2	0.996789	0.000642
1	0.055322
3	0.027866	1
1	0.756475
4	0.754851	0.755176
0	0.699748
1	0.346473
4	0.598396	0.598531
2	0.164451	0.000373
2	0.827848	0.000101
4	0.179175	0.179594
3	0.105580	55
3	0.556043	62
2	0.068075	0.000195
4	0.147949	0.147975
3	0.817583	82
2	0.954079	0.000354
2	0.939414	0.000620
1	0.213166
2	0.772572	0.000346
2	0.570536	0.000373
0	0.137095
0	0.657458
0	0.404168
0	0.389850
3	0.890112	27
3	0.007325	86
2	0.509885	0.000362
2	0.586736	0.000210
0	0.065569
2	0.977579	0.000585
0	0.296798
1	0.034288
2	0.584787	0.000787
4	0.489828	0.489874
1	0.047735
3	0.208944	29
0	0.195088
2	0.562739	0.000361
1	0.136845
1	0.865470
1	0.610297
2	0.076229	0.000557
0	0.299866
4	0.762306	0.762739
3	0.494693	20
3	0.304941	17
4	0.431707	0.432654
1	0.486361
2	0.581530	0.000801
0	0.133869
2	0.233914	0.000275
4	0.043306	0.043436
0	0.274674
0	0.697462
1	0.668342
3	0.476233	51
1	0.381863
0	0.241854
3	0.063744	19
2	0.873015	0.000358
1	0.566430
0	0.937538
2	0.353449	0.000522
1	0.429178
1	0.011908
3	0.891276	93
2	0.198770	0.000407
4	0.604429	0.604905
4	0.845274	0.845362
4	0.295258	0.295286
4	0.264059	0.265037
1	0.271530
0	0.649393
2	0.851550	0.000549
3	0.046162	25
0	0.371551
4	0.314945	0.315012
3	0.931055	53
3	0.403051	14
4	0.330457	0.330899
2	0.945692	0.000394
1	0.276622
0	0.895129
2	0.538233	0.000280
1	0.762771
0	0.936071
2	0.585156	0.000760
3	0.500025	6
2	0.661668	0.000802
3	0.651457	65
3	0.157089	50
1	0.310379
0	0.240677
4	0.981362	0.982118
1	0.521960
2	0.978986	0.000733
2	0.626069	0.000874
2	0.741617	0.000621
2	0.178146	0.000095
2	0.365323	0.000343
0	0.692546
0	0.896566
4	0.835097	0.835722
1	0.807399
3	0.459548	3
1	0.784552
4	0.557779	0.557909
1	0.353485
4	0.199677	0.200426
4	0.910321	0.910378
3	0.983079	89
1	0.395091
4	0.569390	0.569880
2	0.446028	0.000084
0	0.504982
1	0.561146
3	0.528855	81
2	0.443094	0.000177
2	0.864418	0.000607
2	0.666345	0.000855
4	0.206711	0.206965
4	0.046562	0.047365
4	0.074688	0.074910
0	0.067416
0	0.459308
2	0.376755	0.000111
4	0.820367	0.821281
1	0.627973
3	0.787304	79
2	0.209485	0.000692
3	0.111906	14
2	0.025863	0.000081
1	0.077757
0	0.421192
2	0.124302	0.000679
0	0.777189
1	0.362105
3	0.162693	27
4	0.868030	0.868744
4	0.814918	0.814922
4	0.781682	0.782345
3	0.454805	86
3	0.477002	6
0	0.112313
1	0.193117
3	0.701553	46
2	0.966984	0.000482
4	0.734760	0.735483
4	0.193859	0.194731
4	0.995216	0.995322
2	0.490645	0.000119
1	0.050416
0	0.219297
0	0.760488
4	0.035588	0.036186
2	0.529248	0.000416
2	0.760428	0.000743
0	0.336820
2	0.953049	0.000452
1	0.146026
0	0.181655
4	0.045657	0.045755
4	0.434914	0.435352
4	0.771086	0.772026
0	0.595167
1	0.676653
4	0.596546	0.597362
2	0.643038	0.000963
4	0.374364	0.375316
0	0.557058
2	0.363083	0.000099
0	0.513929
2	0.045737	0.000586
2	0.010286	0.000381
0	0.219759
0	0.761314
4	0.646522	0.647202
4	0.246730	0.246741
3	0.284519	91
4	0.796780	0.797751
3	0.119588	43
4	0.762581	0.763105
0	0.397303
0	0.271353
4	0.886677	0.886964
1	0.728858
4	0.849287	0.849724
0	0.403571
0	0.913263
4	0.105409	0.105430
1	0.434595
1	0.479222
1	0.283862
3	0.074739	81
1	0.452695
3	0.872912	2
4	0.945674	0.946028
1	0.888883
2	0.034985	0.000959
4	0.311384	0.311604
3	0.050498	12
3	0.638181	21
3	0.335915	80
2	0.836593	0.000436
0	0.637771
4	0.083040	0.083892
0	0.220752
3	0.624467	24
2	0.607175	0.000660
0	0.160977
1	0.283857
4	0.404446	0.405360
0	0.546822
3	0.696424	83
3	0.401647	22
2	0.201284	0.000599
2	0.180756	0.000594
2	0.091706	0.000030
3	0.506292	24
0	0.394343
1	0.930804
2	0.847297	0.000543
0	0.071814
4	0.482949	0.483185
4	0.006977	0.007001
2	0.699660	0.000577
1	0.023053
2	0.757546	0.000288
3	0.736978	79
4	0.488664	0.488905
2	0.579227	0.000229
1	0.435046
1	0.598598
3	0.474615	77
1	0.604308
1	0.733448
2	0.714488	0.000574
0	0.834871
1	0.756251
4	0.952150	0.952373
0	0.880151
3	0.604625	47
4	0.758977	0.759066
4	0.571545	0.572394
1	0.243066
4	0.827600	0.827638
4	0.206472	0.206705
2	0.654135	0.000942
3	0.515104	3
0	0.690418
1	0.161406
2	0.744088	0.000750
2	0.535628	0.000839
3	0.288184	9
3	0.408305	84
2	0.044523	0.000135
1	0.589402
1	0.180708
4	0.701955	0.702402
1	0.089719
2	0.486116	0.000179
4	0.087858	0.088074
4	0.929286	0.930187
3	0.797576	39
0	0.089429
4	0.151836	0.152445
0	0.462667
1	0.541937
2	0.432745	0.000737
3	0.668707	45
2	0.532237	0.000707
2	0.378818	0.000783
1	0.653787
0	0.531661
0	0.376292
4	0.794595	0.795029
4	0.618592	0.618988
2	0.907295	0.000908
2	0.725690	0.000685
1	0.505855
0	0.479988
0	0.152277
1	0.309233
1	0.054573
2	0.793776	0.000376
2	0.878415	0.000361
4	0.413610	0.414389
0	0.660622
1	0.472393
4	0.141878	0.142123
4	0.265244	0.265879
1	0.795410
1	0.852925
1	0.310903
0	0.721645
1	0.505911
2	0.297960	0.000124
2	0.927171	0.000256
1	0.923709
0	0.112026
4	0.848261	0.848375
0	0.645264
2	0.515905	0.000469
3	0.770585	6
3	0.824719	45
3	0.080161	78
2	0.040720	0.000806
4	0.858491	0.858978
2	0.154976	0.000864
4	0.831010	0.831641
1	0.867346
1	0.620907
4	0.701744	0.702523
1	0.142869
2	0.943412	0.000575
0	0.369798
3	0.858306	11
4	0.296027	0.296726
3	0.293208	37
0	0.970060
0	0.492024
2	0.594854	0.000295
3	0.955157	5
3	0.540615	75
0	0.285082
1	0.826195
4	0.096384	0.097312
3	0.979335	20
2	0.884206	0.000367
4	0.629498	0.629759
1	0.840018
1	0.888874
4	0.086206	0.086673
2	0.616946	0.000585
2	0.404362	0.000856
1	0.495501
3	0.969866	61
0	0.611895
2	0.885834	0.000176
0	0.333465
1	0.758107
2	0.592563	0.000267
2	0.061025	0.000998
1	0.458038
3	0.060729	61
1	0.682415
1	0.294853
4	0.103109	0.104096
1	0.623502
2	0.649426	0.000929
1	0.308096
2	0.138818	0.000033
0	0.146265
1	0.894969
4	0.350613	0.351139
4	0.808411	0.808945
2	0.133914	0.000002
4	0.582249	0.582546
2	0.758130	0.000340
0	0.195299
0	0.094113
2	0.685023	0.000011
0	0.847440
3	0.559788	82
0	0.189128
3	0.497740	36
2	0.200573	0.000559
0	0.997220
0	0.775119
4	0.684614	0.685451
3	0.318892	43
0	0.148518
2	0.308883	0.000920
2	0.501549	0.000708
3	0.259815	94
0	0.141685
2	0.276737	0.000455
3	0.547052	23
0	0.444809
4	0.436601	0.436895
3	0.764219	81
3	0.146782	69
2	0.848206	0.000279
3	0.083580	17
0	0.254892
3	0.979895	48
2	0.773752	0.000380
0	0.328170
2	0.985935	0.000359
3	0.141416	45
4	0.235429	0.236213
2	0.544945	0.000571
1	0.962439
1	0.895593
2	0.668033	0.000886
1	0.357084
0	0.230082
3	0.887400	7
2	0.883304	0.000492
4	0.963228	0.963776
3	0.284015	67
1	0.916962
2	0.089678	0.000784
1	0.675921
1	0.274963
0	0.070728
3	0.623646	41
3	0.656210	29
4	0.767254	0.767912
2	0.873147	0.000483
2	0.610634	0.000413
2	0.429692	0.000455
2	0.278132	0.000236
4	0.644687	0.645383
0	0.725551
0	0.943915
0	0.109704
2	0.322299	0.000399
2	0.166084	0.000656
0	0.890412
4	0.014830	0.015004
0	0.013970
0	0.093486
1	0.778744
2	0.116378	0.000005
3	0.937960	93
2	0.381528	0.000305
0	0.839716
4	0.240381	0.240684
1	0.126497
2	0.218632	0.000218
4	0.610312	0.611202
4	0.095912	0.096854
0	0.116540
2	0.148161	0.000421
0	0.080685
3	0.628896	41
0	0.203239
1	0.835296
2	0.317832	0.000360
4	0.252494	0.253255
1	0.553714
3	0.063929	48
3	0.926460	54
4	0.627093	0.627968
4	0.835867	0.835908
0	0.242988
2	0.317471	0.000783
4	0.045862	0.046484
0	0.739636
2	0.613114	0.000078
4	0.122046	0.122410
0	0.583092
4	0.801283	0.801944
0	0.542040
4	0.635344	0.635773
0	0.589786
1	0.904695
0	0.107098
4	0.317553	0.318082
2	0.271806	0.000168
3	0.955884	56
0	0.634859
1	0.176788
3	0.136208	28
4	0.343525	0.344152
1	0.645841
4	0.073285	0.074066
0	0.264346
4	0.591133	0.591926
1	0.756734
1	0.351201
4	0.528703	0.528811
2	0.712358	0.000444
2	0.977037	0.000084
1	0.197985
0	0.449730
2	0.656718	0.000843
3	0.137381	99
2	0.374986	0.000303
0	0.450376
2	0.783550	0.000812
0	0.485549
3	0.176573	62
2	0.569372	0.000523
3	0.144092	89
0	0.258504
4	0.947012	0.947316
2	0.666963	0.000005
1	0.032284
3	0.158446	67
4	0.802820	0.803494
4	0.037136	0.037959
0	0.324673
0	0.951332
0	0.034434
4	0.024246	0.025226
3	0.279963	47
4	0.753624	0.753900
0	0.923620
2	0.914315	0.000873
4	0.087304	0.087966
1	0.136551
0	0.228144
3	0.714589	70
3	0.667041	57
1	0.985471
3	0.164314	18
3	0.737052	52
3	0.716490	30
3	0.172803	15
4	0.570320	0.570408
3	0.389430	97
0	0.054709
1	0.129213
3	0.083282	80
3	0.224040	27
4	0.419910	0.420879
3	0.920595	78
0	0.900437
1	0.716576
1	0.873246
4	0.923813	0.924155
0	0.803424
3	0.782787	25
2	0.962660	0.000669
1	0.316404
1	0.182958
0	0.546454
2	0.492748	0.000737
2	0.122767	0.000260
0	0.372784
2	0.658433	0.000374
2	0.170936	0.000310
3	0.801177	25
4	0.420271	0.421239
3	0.718918	60
4	0.576978	0.577145
3	0.639507	22
4	0.415188	0.416125
1	0.014691
0	0.630966
1	0.119590
0	0.874103
0	0.480862
1	0.395057
4	0.335992	0.336177
4	0.705777	0.706118
2	0.997578	0.000601
0	0.042624
1	0.371154
3	0.047012	57
3	0.423877	70
1	0.260657
3	0.530774	6
3	0.399023	100
3	0.523019	78
0	0.925785
4	0.088894	0.089039
1	0.854755
3	0.876694	79
1	0.347751
1	0.787840
1	0.329582
0	0.354365
0	0.253114
0	0.024491
3	0.803997	3
2	0.939437	0.000551
0	0.643293
4	0.076187	0.076717
0	0.986984
1	0.572400
0	0.251950
4	0.464616	0.464882
3	0.358366	6
4	0.617253	0.617410
4	0.324988	0.325783
4	0.787470	0.787525
0	0.950502
0	0.092911
0	0.607806
0	0.478102
0	0.140760
1	0.809157
3	0.984594	30
1	0.056038
4	0.569738	0.570533
3	0.565859	14
0	0.659799
1	0.431166
0	0.105290
3	0.948649	20
2	0.702904	0.000785
1	0.230294
0	0.232659
2	0.901842	0.000013
2	0.668571	0.000693
4	0.733516	0.734291
2	0.274072	0.000939
1	0.615166
2	0.624809	0.000059
1	0.130478
2	0.036433	0.000743
0	0.497500
2	0.192053	0.000555
2	0.746591	0.000657
0	0.558299
2	0.339140	0.000172
4	0.651984	0.652332
0	0.368201
2	0.687373	0.000396
3	0.363204	35
3	0.002843	92
4	0.432373	0.432745
4	0.287985	0.288159
3	0.307562	51
0	0.203474
1	0.998595
4	0.015962	0.015991
0	0.616895
0	0.257339
0	0.403445
2	0.989865	0.000477
2	0.307585	0.000296
0	0.473271
1	0.927679
0	0.646739
0	0.840962
3	0.210145	12
4	0.931267	0.931886
1	0.527781
1	0.581478
3	0.229613	48
2	0.760581	0.000711
0	0.213765
2	0.929081	0.000611
4	0.889163	0.889497
1	0.770733
2	0.902778	0.000911
2	0.280475	0.000045
3	0.401670	35
0	0.246896
1	0.526218
0	0.240375
0	0.704487
2	0.857635	0.000449
2	0.837294	0.000189
1	0.182822
1	0.484973
4	0.801573	0.802394
4	0.006316	0.006436
2	0.887047	0.000239
2	0.454945	0.000969
1	0.590786
1	0.905904
0	0.054671
0	0.462978
1	0.134785
4	0.013541	0.013884
0	0.853006
4	0.070952	0.071413
2	0.078332	0.000579
0	0.138110
1	0.427793
2	0.998436	0.000839
0	0.480770
4	0.930995	0.931517
0	0.657113
1	0.705450
3	0.274032	23
4	0.744541	0.745472
3	0.675003	65
2	0.901588	0.000296
2	0.380231	0.000888
3	0.009819	100
0	0.452471
3	0.634359	13
1	0.875939
1	0.069358
2	0.227845	0.000633
4	0.608287	0.608357
2	0.492197	0.000520
0	0.703701
1	0.283833
0	0.255488
4	0.938643	0.939002
4	0.308736	0.308853
0	0.321194
0	0.841490
3	0.852425	68
4	0.319933	0.320082
2	0.072501	0.000867
0	0.199120
4	0.168039	0.169027
1	0.183100
1	0.834252
1	0.853639
0	0.063589
4	0.163951	0.164308
3	0.363065	26
1	0.440511
1	0.981935
0	0.731802
1	0.233379
4	0.518053	0.518461
0	0.865043
3	0.560139	36
2	0.400562	0.000140
1	0.489390
0	0.521799
4	0.871712	0.871789
3	0.490507	85
2	0.433613	0.000251
1	0.983240
3	0.338196	23
4	0.650573	0.650863
1	0.998222
3	0.484632	70
3	0.762967	25
2	0.393230	0.000404
3	0.484063	78
0	0.258667
4	0.997271	0.997944
1	0.605608
1	0.157318
3	0.655597	73
0	0.322899
1	0.970357
4	0.276335	0.276751
2	0.879611	0.000515
0	0.984062
1	0.268076
1	0.153226
2	0.339849	0.000876
0	0.895528
3	0.469651	5
3	0.704502	98
0	0.536094
1	0.161377
3	0.907856	29
2	0.711187	0.000872
2	0.839543	0.000696
3	0.472844	60
0	0.386743
2	0.406071	0.000841
4	0.998360	0.998927
2	0.705820	0.000677
1	0.378979
4	0.859725	0.860697
1	0.175036
4	0.409364	0.409505
0	0.837745
0	0.388087
0	0.792827
1	0.797353
3	0.905024	37
4	0.977831	0.977957
1	0.612051
3	0.136477	66
3	0.466424	75
2	0.723101	0.000778
0	0.743671
4	0.848348	0.848723
2	0.399501	0.000825
4	0.221929	0.222262
4	0.179402	0.179713
0	0.728206
4	0.937950	0.938238
4	0.596091	0.596355
3	0.593198	92
1	0.736516
1	0.811180
2	0.666071	0.000367
4	0.810133	0.810534
1	0.290811
0	0.539497
1	0.267752
4	0.865719	0.866292
1	0.342828
3	0.265613	13
4	0.946746	0.947503
3	0.698085	64
1	0.594624
2	0.283063	0.000354
4	0.974265	0.974416
0	0.322580
2	0.741857	0.000584
4	0.678518	0.678593
3	0.423338	26
4	0.793998	0.794226
4	0.929365	0.929976
0	0.437435
1	0.854809
3	0.713122	72
1	0.256512
4	0.526875	0.527837
0	0.154924
4	0.126421	0.126945
2	0.686723	0.000148
1	0.985108
1	0.261422
0	0.690105
3	0.201003	53
3	0.950780	37
2	0.126975	0.000142
0	0.009291
1	0.990651
0	0.497648
1	0.619857
4	0.013500	0.014092
1	0.156668
3	0.688861	81
1	0.156392
0	0.052301
3	0.553058	67
2	0.160264	0.000825
3	0.698557	14
1	0.844251
2	0.217033	0.000657
3	0.850630	71
0	0.253019
1	0.691230
2	0.076711	0.000009
3	0.581757	79
4	0.018190	0.019099
0	0.542126
1	0.435157
3	0.214454	37
2	0.109503	0.000489
2	0.706951	0.000114
3	0.197764	32
4	0.651475	0.652043
3	0.139175	59
3	0.159966	73
3	0.741837	53
0	0.214730
0	0.690177
1	0.714558
3	0.268471	86
4	0.642763	0.643545
3	0.623698	28
2	0.025798	0.000091
2	0.644219	0.000935
4	0.338764	0.339009
4	0.994504	0.995403
3	0.997356	91
4	0.553044	0.553163
2	0.581328	0.000338
0	0.622327
2	0.802713	0.000207
2	0.795706	0.000386
3	0.804831	60
3	0.070118	67
1	0.506429
3	0.357277	97
0	0.318834
0	0.599489
2	0.952453	0.000797
4	0.058140	0.058755
2	0.387212	0.000831
3	0.820148	80
0	0.646673
1	0.709276
4	0.754937	0.755255
2	0.537943	0.000512
0	0.629488
0	0.438496
1	0.313181
0	0.000798
4	0.429998	0.430378
4	0.037260	0.037749
0	0.882040
0	0.800273
0	0.304619
3	0.720442	53
1	0.020991
0	0.092829
0	0.346251
2	0.117112	0.000833
1	0.525354
0	0.371593
2	0.929935	0.000440
0	0.892965
4	0.943380	0.944168
4	0.874885	0.875288
2	0.029631	0.000123
0	0.597175
2	0.137698	0.000749
1	0.344450
2	0.543030	0.000464
4	0.919631	0.920625
4	0.297220	0.297682
0	0.886356
4	0.253569	0.254048
3	0.138949	77
0	0.772660
0	0.880223
1	0.746600
2	0.440593	0.000090
3	0.967566	79
1	0.791957
2	0.299917	0.000364
3	0.664305	31
3	0.123661	20
4	0.967868	0.968508
1	0.003849
2	0.487532	0.000745
0	0.114367
2	0.116142	0.000351
4	0.529041	0.529823
3	0.381979	6
1	0.696016
0	0.412250
3	0.669658	3
3	0.930151	22
0	0.724512
4	0.145929	0.146859
2	0.859970	0.000925
1	0.757914
4	0.803617	0.803710
4	0.786601	0.787014
3	0.013665	22
1	0.394043
2	0.517658	0.000958
3	0.552299	37
1	0.443793
0	0.578271
0	0.934323
1	0.245160
4	0.772378	0.772943
3	0.593418	68
3	0.077135	37
1	0.685445
3	0.228057	51
2	0.257656	0.000242
2	0.731001	0.000413
3	0.110403	45
3	0.834980	77
2	0.239946	0.000822
4	0.442562	0.442661
4	0.487079	0.487179
1	0.164826
2	0.603308	0.000712
2	0.476920	0.000502
3	0.719266	15
2	0.241587	0.000456
0	0.235897
2	0.445034	0.000905
1	0.608799
2	0.148273	0.000874
0	0.521580
0	0.117382
1	0.257204
1	0.650575
1	0.325360
1	0.007292
2	0.883528	0.000814
2	0.708153	0.000718
2	0.455346	0.000096
1	0.335389
2	0.702059	0.000703
0	0.141965
1	0.487371
4	0.019262	0.019375
1	0.572990
1	0.567073
2	0.858350	0.000614
0	0.481165
3	0.667287	13
4	0.171052	0.171267
4	0.893261	0.893970
2	0.231492	0.000025
3	0.252007	67
2	0.500833	0.000955
1	0.599082
0	0.507013
1	0.100579
1	0.333687
0	0.086842
4	0.852097	0.852712
3	0.608114	41
1	0.699457
3	0.251590	6
0	0.153934
0	0.068000
2	0.904482	0.000627
1	0.926101
2	0.096079	0.000043
1	0.896240
0	0.730262
2	0.243822	0.000953
1	0.879599
0	0.524512
2	0.875946	0.000887
1	0.491065
1	0.698714
1	0.109177
3	0.808037	14
1	0.099605
4	0.064044	0.064569
2	0.165071	0.000104
4	0.419414	0.420120
0	0.108605
1	0.367858
3	0.010990	56
4	0.260606	0.261439
1	0.645796
3	0.632402	40
1	0.871381
4	0.104464	0.105176
0	0.456000
2	0.704965	0.000073
1	0.375782
0	0.126959
1	0.946627
3	0.910583	97
2	0.757585	0.000231
0	0.829926
2	0.649101	0.000904
4	0.978351	0.979317
3	0.854874	89
2	0.430275	0.000443
4	0.491101	0.491527
2	0.095669	0.000244
2	0.019238	0.000260
4	0.279619	0.280071
1	0.171185
1	0.540051
4	0.871658	0.872169
2	0.627378	0.000147
3	0.004527	72
4	0.607887	0.608376
3	0.437232	20
3	0.913190	17
1	0.460749
2	0.502245	0.000946
0	0.611349
2	0.908215	0.000516
1	0.351925
4	0.134310	0.134499
3	0.240104	58
0	0.019047
0	0.062206
4	0.292453	0.293390
0	0.799487
4	0.794865	0.795181
3	0.644882	70
3	0.611682	90
0	0.961506
3	0.224760	42
1	0.907044
3	0.162964	48
2	0.351179	0.000923
2	0.583575	0.000174
2	0.625948	0.000770
0	0.631876
2	0.049983	0.000826
4	0.476779	0.477757
3	0.896514	14
0	0.883490
4	0.540395	0.540937
3	0.041785	91
2	0.953192	0.000902
3	0.150617	96
1	0.679859
2	0.062529	0.000202
3	0.826712	10
4	0.232405	0.232548
1	0.426263
4	0.876478	0.877422
1	0.834732
1	0.531441
3	0.783262	61
0	0.814921
3	0.369581	78
0	0.512069
1	0.648199
3	0.969248	19
1	0.342660
4	0.797711	0.797889
1	0.129085
1	0.835794
0	0.593194
3	0.993009	21
1	0.989922
2	0.843146	0.000160
1	0.989849
0	0.167840
1	0.827831
0	0.746454
3	0.590619	47
2	0.262415	0.000984
3	0.875374	9
1	0.412287
1	0.131692
3	0.515929	50
2	0.880265	0.000884
4	0.615697	0.616002
0	0.401609
4	0.764595	0.764770
3	0.736014	31
0	0.058296
4	0.615742	0.616287
2	0.650770	0.000284
0	0.951562
4	0.043654	0.044361
2	0.071125	0.000241
0	0.101774
1	0.751458
4	0.079442	0.079473
2	0.702890	0.000653
2	0.954972	0.000903
1	0.098215
4	0.209121	0.209774
2	0.923920	0.000111
1	0.677164
0	0.198194
3	0.129988	86
1	0.031206
3	0.037195	7
1	0.815641
2	0.173136	0.000754
4	0.987123	0.987263
3	0.874014	34
2	0.029770	0.000396
0	0.572091
0	0.984317
4	0.376463	0.377260
0	0.913747
1	0.150055
0	0.577489
1	0.781182
1	0.208120
0	0.807603
1	0.937481
3	0.451563	46
1	0.420012
3	0.091232	83
3	0.107469	42
2	0.736274	0.000140
2	0.193621	0.000924
1	0.588130
3	0.912626	85
2	0.697151	0.000966
1	0.915022
0	0.318685
1	0.478891
3	0.923394	61
4	0.114216	0.114601
0	0.907172
1	0.495312
1	0.413357
3	0.897732	15
1	0.434950
2	0.520366	0.000581
0	0.651245
4	0.035292	0.036177
0	0.392652
3	0.494908	40
3	0.152304	14
3	0.293313	94
2	0.841484	0.000339
1	0.198018
1	0.555698
3	0.026153	39
0	0.304969
0	0.759681
1	0.610777
0	0.285539
0	0.106967
1	0.159104
3	0.739563	69
0	0.650737
2	0.827991	0.000491
1	0.671309
4	0.293006	0.293908
1	0.553084
2	0.917397	0.000377
3	0.667834	62
4	0.762271	0.763090
3	0.204682	66
4	0.698451	0.698861
2	0.233143	0.000752
4	0.400208	0.401036
0	0.375643
4	0.716836	0.717212
3	0.621080	22
0	0.612375
4	0.834340	0.835018
2	0.576043	0.000261
0	0.562206
2	0.228844	0.000995
1	0.021780
0	0.751368
0	0.977930
3	0.737453	9
0	0.267780
4	0.811958	0.812435
0	0.303657
3	0.583813	59
3	0.858950	30
3	0.572164	75
0	0.276980
3	0.877016	72
1	0.714650
2	0.406266	0.000866
1	0.563152
1	0.449448
2	0.131078	0.000942
2	0.741550	0.000942
0	0.471178
1	0.868999
3	0.525750	61
3	0.339143	96
1	0.103672
0	0.213627
0	0.934478
0	0.421611
2	0.441401	0.000906
1	0.686401
3	0.704476	7
0	0.194042
1	0.821699
0	0.185713
1	0.665453
4	0.056732	0.057194
4	0.760596	0.761007
2	0.619740	0.000049
0	0.326513
2	0.667622	0.000822
2	0.445999	0.000500
4	0.657942	0.658596
2	0.333487	0.000950
4	0.419869	0.419900
0	0.785503
0	0.574435
2	0.383636	0.000465
2	0.242218	0.000625
1	0.570634
3	0.419104	97
2	0.415565	0.000668
0	0.939584
1	0.408213
4	0.765803	0.766745
1	0.055633
3	0.397031	3
2	0.934536	0.000890
0	0.353371
4	0.397008	0.397160
4	0.592367	0.593355
3	0.311923	95
0	0.136570
2	0.028907	0.000893
3	0.867496	10
3	0.234586	78
4	0.397456	0.398041
2	0.813507	0.000090
3	0.047407	52
3	0.530653	14
3	0.015721	88
1	0.621222
3	0.754498	80
2	0.484999	0.000055
2	0.888729	0.000381
1	0.903626
4	0.123073	0.123451
2	0.603635	0.000394
3	0.775244	70
0	0.122101
0	0.313430
2	0.256634	0.000910
0	0.597119
1	0.906473
3	0.437954	76
1	0.557225
0	0.336260
2	0.937773	0.000537
2	0.192263	0.000151
0	0.272268
0	0.798581
2	0.034509	0.000556
2	0.162334	0.000571
3	0.077162	65
1	0.775635
3	0.836333	69
2	0.137558	0.000048
0	0.900284
3	0.449129	65
0	0.085005
4	0.725615	0.726266
3	0.229686	80
1	0.610730
1	0.917461
3	0.851764	60
1	0.231199
1	0.361109
4	0.874145	0.874397
0	0.496474
2	0.174738	0.000148
0	0.767264
2	0.504209	0.000378
3	0.604061	14
4	0.100690	0.101216
2	0.212846	0.000473
0	0.550089
1	0.401553
1	0.041149
3	0.219791	69
2	0.874886	0.000763
1	0.589854
4	0.434579	0.434924
3	0.721368	27
4	0.768842	0.768987
2	0.737494	0.000266
2	0.023940	0.000494
1	0.691684
1	0.843073
3	0.456445	63
0	0.148930
0	0.364197
2	0.340352	0.000155
0	0.274395
1	0.444006
4	0.751661	0.752320
2	0.945796	0.000137
2	0.775492	0.000080
1	0.717464
4	0.965874	0.966084
2	0.149053	0.000941
3	0.159394	97
2	0.898057	0.000593
2	0.805204	0.000724
4	0.896681	0.897009
2	0.090767	0.000557
4	0.219181	0.219992
3	0.693254	64
0	0.665886
2	0.354439	0.000741
0	0.750382
3	0.595048	26
0	0.237371
2	0.145371	0.000431
4	0.841447	0.841855
4	0.010371	0.011245
2	0.366410	0.000231
0	0.086211
2	0.971120	0.000032
1	0.464488
4	0.408839	0.408993
1	0.410020
2	0.672190	0.000060
1	0.867788
1	0.674866
4	0.569261	0.569889
1	0.540200
4	0.646319	0.647183
2	0.870514	0.000313
4	0.202864	0.202966
3	0.597186	54
4	0.106343	0.107159
2	0.779953	0.000599
2	0.233389	0.000703
4	0.433422	0.433607
0	0.644446
4	0.614977	0.615010
0	0.284322
3	0.430257	72
4	0.397774	0.398485
3	0.070040	57
4	0.274760	0.274953
2	0.451070	0.000359
3	0.678132	97
2	0.811619	0.000378
4	0.188346	0.188816
2	0.793145	0.000364
3	0.424349	72
2	0.806329	0.000971
1	0.221789
3	0.458584	15
3	0.080144	78
2	0.583695	0.000682
1	0.124003
1	0.586299
0	0.123451
2	0.867286	0.000034
2	0.170697	0.000603
4	0.039313	0.039358
3	0.689555	23
0	0.982687
3	0.428546	91
0	0.262968
0	0.799752
2	0.687309	0.000918
3	0.510572	55
1	0.748112
2	0.232346	0.000633
4	0.202823	0.202951
4	0.054872	0.055026
4	0.753724	0.753867
2	0.133551	0.000791
0	0.280203
1	0.254738
3	0.931778	99
0	0.573878
3	0.712598	43
0	0.476706
1	0.135599
2	0.382335	0.000777
3	0.798993	55
0	0.654071
2	0.108564	0.000761
1	0.514580
4	0.283228	0.283964
1	0.139239
3	0.653360	25
1	0.644980
4	0.940858	0.940921
0	0.343739
4	0.941740	0.942248
4	0.652368	0.652872
1	0.728864
3	0.435781	66
0	0.868081
2	0.949163	0.000428
4	0.196317	0.197176
3	0.593262	31
1	0.991831
0	0.336120
0	0.055330
3	0.401331	15
3	0.177227	76
0	0.210567
4	0.721568	0.722055
3	0.939357	61
2	0.588628	0.000492
0	0.302195
1	0.075765
0	0.350134
4	0.634105	0.634243
4	0.481502	0.482280
2	0.960709	0.000217
4	0.315799	0.316167
4	0.918886	0.919741
1	0.536718
2	0.118723	0.000302
3	0.633478	97
4	0.424784	0.425054
1	0.899055
0	0.279031
0	0.216108
0	0.873979
4	0.146392	0.146509
4	0.508150	0.508865
3	0.622600	81
2	0.073363	0.000835
0	0.595790
3	0.568535	80
4	0.927670	0.928245
0	0.625519
4	0.137429	0.137770
1	0.326677
1	0.442570
2	0.764140	0.000218
1	0.640179
2	0.805469	0.000383
1	0.436093
2	0.785816	0.000229
3	0.093348	16
3	0.689474	19
4	0.262669	0.263387
4	0.964524	0.965488
3	0.813105	55
3	0.805521	76
4	0.195564	0.195776
4	0.832493	0.833057
4	0.430115	0.431104
4	0.480144	0.480301
4	0.564455	0.565048
4	0.923776	0.924177
4	0.833326	0.834010
4	0.557172	0.558008
4	0.550815	0.551129
2	0.620041	0.000470
2	0.303989	0.000002
1	0.026619
0	0.447916
1	0.368647
2	0.418721	0.000926
2	0.254908	0.000254
0	0.926748
1	0.788915
4	0.178432	0.178739
4	0.133482	0.134274
4	0.169362	0.169615
3	0.012014	98
4	0.662923	0.663922
3	0.487965	71
1	0.844974
3	0.760741	51
2	0.908678	0.000014
3	0.732612	29
1	0.309838
4	0.624375	0.624630
4	0.042165	0.042650
2	0.134318	0.000609
3	0.982223	49
2	0.060273	0.000994
4	0.626775	0.627428
4	0.683014	0.683481
1	0.931768
3	0.198295	97
3	0.011569	76
4	0.458604	0.459431
4	0.145048	0.145877
1	0.652066
4	0.187741	0.187840
3	0.643271	49
0	0.097335
0	0.804167
3	0.501993	82
3	0.281174	66
0	0.168347
3	0.730993	70
1	0.879260
0	0.048394
3	0.581367	54
1	0.416608
3	0.010316	20
0	0.967678
4	0.493383	0.493616
4	0.662947	0.663755
3	0.297827	58
4	0.363030	0.363256
3	0.320891	7
1	0.268277
1	0.367068
1	0.621437
4	0.408847	0.409139
2	0.929157	0.000612
0	0.377990
4	0.162017	0.162824
3	0.876533	92
0	0.931727
0	0.697804
3	0.919485	40
1	0.207147
2	0.446347	0.000245
4	0.252472	0.252719
4	0.691943	0.692835
1	0.305813
4	0.356483	0.356619
4	0.060582	0.060877
3	0.678140	68
0	0.176345
0	0.016953
1	0.080573
2	0.780777	0.000717
4	0.731188	0.731462
4	0.707256	0.707601
2	0.832246	0.000238
1	0.152925
4	0.040638	0.041309
0	0.756731
3	0.195476	18
3	0.277774	21
1	0.862751
2	0.266019	0.000463
1	0.129204
0	0.910872
0	0.197627
4	0.728761	0.729662
2	0.477495	0.000876
3	0.447913	30
0	0.540693
1	0.829541
2	0.627163	0.000172
0	0.536056
1	0.902806
4	0.634282	0.635054
2	0.831950	0.000588
0	0.405016
2	0.606342	0.000927
1	0.402497
0	0.635123
1	0.849249
3	0.805950	27
0	0.288384
3	0.697433	40
2	0.090147	0.000202
1	0.482586
1	0.675751
3	0.321435	6
1	0.673858
3	0.327418	37
1	0.271303
3	0.918344	44
4	0.828182	0.828959
3	0.384778	83
0	0.616459
4	0.584884	0.585019
1	0.358726
0	0.394205
0	0.196643
2	0.672744	0.000935
4	0.646699	0.647072
0	0.208717
4	0.301273	0.301553
4	0.359613	0.360525
2	0.589552	0.000260
4	0.910027	0.910283
4	0.124811	0.125595
3	0.715412	52
3	0.473134	62
4	0.759760	0.760624
3	0.810428	25
4	0.829518	0.830467
2	0.532291	0.000501
3	0.149706	36
3	0.944893	65
3	0.361051	4
0	0.805101
1	0.345739
3	0.493813	69
3	0.253280	82
4	0.399579	0.400333
0	0.734593
1	0.666268
3	0.443577	19
2	0.980142	0.000896
3	0.601777	12
0	0.020548
0	0.134146
1	0.325098
4	0.658549	0.659039
4	0.008456	0.009383
1	0.092102
1	0.482784
4	0.060998	0.061965
4	0.861284	0.861311
1	0.601670
0	0.028923
1	0.179857
0	0.054558
0	0.093567
4	0.848852	0.849454
2	0.834414	0.000709
2	0.759324	0.000088
3	0.548704	68
3	0.532756	66
3	0.876486	66
3	0.737612	42
2	0.080341	0.000387
2	0.368083	0.000646
2	0.053545	0.000955
1	0.718627
4	0.922479	0.923270
2	0.029992	0.000501
2	0.606411	0.000293
3	0.834345	13
2	0.509531	0.000292
4	0.984605	0.984971
2	0.327331	0.000809
2	0.510515	0.000384
1	0.536506
3	0.144340	14
4	0.409369	0.409540
0	0.051601
2	0.836736	0.000673
3	0.446418	53
2	0.593018	0.000645
1	0.781910
2	0.615527	0.000707
2	0.563789	0.000964
3	0.535668	0
1	0.420553
0	0.224239
2	0.129498	0.000920
2	0.674187	0.000158
0	0.922414
4	0.598824	0.599189
1	0.794226
3	0.614819	3
0	0.424123
1	0.880786
4	0.127241	0.128022
4	0.582004	0.582763
2	0.680022	0.000255
3	0.197254	47
3	0.429067	3
3	0.317847	28
2	0.631405	0.000690
1	0.314245
4	0.999871	1.000445
0	0.660957
2	0.340515	0.000605
2	0.187628	0.000914
1	0.525351
1	0.945943
3	0.747241	34
1	0.087016
2	0.655082	0.000235
2	0.823866	0.000552
4	0.691012	0.691438
1	0.305695
3	0.697082	61
2	0.805446	0.000929
3	0.098154	10
1	0.792158
4	0.960530	0.960700
3	0.858658	85
1	0.346475
1	0.611759
0	0.147235
0	0.188574
1	0.800743
1	0.247002
0	0.856576
4	0.992978	0.992989
0	0.110293
1	0.421644
1	0.722117
1	0.226593
4	0.109137	0.110122
4	0.353079	0.353587
0	0.806994
1	0.515861
2	0.032857	0.000807
0	0.505786
3	0.349481	45
3	0.256949	78
0	0.874850
3	0.244621	79
4	0.202372	0.202697
1	0.382149
0	0.168128
1	0.541279
1	0.098035
3	0.158752	47
4	0.279873	0.279993
3	0.984306	63
1	0.563000
4	0.396303	0.397062
0	0.030048
2	0.117519	0.000033
0	0.507775
1	0.474238
4	0.890494	0.890674
0	0.737970
4	0.325363	0.326357
2	0.989539	0.000608
3	0.717152	26
1	0.375524
3	0.534055	20
4	0.588785	0.589587
3	0.571366	72
0	0.833504
2	0.113370	0.000337
2	0.873433	0.000110
1	0.088931
4	0.239083	0.239851
4	0.862919	0.863111
2	0.739988	0.000300
4	0.058668	0.059217
4	0.747727	0.748650
