2	0.543030	0.000464
0	0.913747	znbzrp
2	0.997578	0.000601
4	0.072294	0.073027
4	0.550815	0.551129
2	0.952453	0.000797
4	0.298768	0.298846
2	0.500833	0.000955
2	0.619740	0.000049
2	0.123083	0.000866
0	0.291517	y
0	0.748054	lhu
4	0.728360	0.729053
4	0.123070	0.123580
0	0.373421	hpqeyc
2	0.673945	0.000938
0	0.497648	c
2	0.901588	0.000296
4	0.771086	0.772026
2	0.632159	0.000070
2	0.570328	0.000814
0	0.470991	gi
0	0.657113	rukgl
4	0.298902	0.299746
2	0.124302	0.000679
2	0.880265	0.000884
0	0.110270	enrlbfoe
4	0.659592	0.660255
0	0.761314	ksm
2	0.953049	0.000452
4	0.359613	0.360525
0	0.015170	dc
4	0.430288	0.430676
2	0.776906	0.000676
0	0.808456	leevbd
0	0.777189	seguh
0	0.122101	zccko
4	0.925749	0.926731
0	0.240677	qsgfm
4	0.475898	0.476702
4	0.733516	0.734291
0	0.070728	uk
4	0.422864	0.422967
0	0.666491	nvdmcpg
0	0.847329	ysqhguz
0	0.261652	rqm
4	0.121057	0.122006
4	0.984605	0.984971
2	0.742109	0.000792
0	0.098350	vvbain
2	0.705820	0.000677
0	0.589786	d
0	0.752291	tbqt
4	0.666560	0.667217
2	0.888729	0.000381
4	0.312488	0.313389
2	0.169998	0.000271
0	0.440622	rbw
2	0.864418	0.000607
4	0.235429	0.236213
4	0.285347	0.286129
2	0.242154	0.000326
2	0.415565	0.000668
2	0.440593	0.000090
0	0.381062	cld
4	0.394631	0.394907
2	0.170900	0.000198
4	0.605982	0.606043
4	0.802820	0.803494
4	0.175761	0.176211
0	0.060347	gyufct
2	0.873433	0.000110
4	0.678509	0.679402
2	0.703773	0.000344
0	0.657458	ue
0	0.612375	xgpkopy
2	0.759324	0.000088
0	0.007006	mrf
4	0.432373	0.432745
2	0.546482	0.000891
2	0.138818	0.000033
4	0.720730	0.721146
0	0.638239	jdb
0	0.900284	joflerio
2	0.883528	0.000814
2	0.831731	0.000424
2	0.276737	0.000455
0	0.272220	lyd
2	0.972089	0.000021
0	0.324673	nfvyk
4	0.868214	0.868579
2	0.136930	0.000479
4	0.646522	0.647202
2	0.504209	0.000378
2	0.094918	0.000291
2	0.827848	0.000101
2	0.505508	0.000826
2	0.192053	0.000555
2	0.978985	0.000713
0	0.421192	ftrqfkd
0	0.292074	mungxxb
4	0.966938	0.967041
2	0.078466	0.000249
2	0.015637	0.000547
4	0.941028	0.941369
4	0.894792	0.894940
0	0.112487	daoe
4	0.286759	0.287476
2	0.560544	0.000051
2	0.356638	0.000038
2	0.907948	0.000774
2	0.192263	0.000151
2	0.520735	0.000567
2	0.822212	0.000364
2	0.639399	0.000904
0	0.184067	kugkqjl
0	0.097335	wlfqesjd
2	0.170673	0.000124
2	0.706765	0.000365
4	0.337032	0.337256
0	0.495381	vghj
4	0.395983	0.396773
0	0.168128	qzczgn
2	0.759946	0.000926
0	0.881455	y
4	0.478370	0.479344
4	0.835097	0.835722
4	0.742172	0.742804
4	0.224802	0.224990
0	0.025159	cbe
2	0.773752	0.000380
0	0.751368	b
4	0.163951	0.164308
2	0.586736	0.000210
0	0.312762	iyrwex
4	0.420271	0.421239
0	0.531864	wnucpgdj
4	0.004166	0.004350
0	0.449730	vy
4	0.379618	0.380025
4	0.411563	0.411721
2	0.772616	0.000278
4	0.794761	0.795413
2	0.378890	0.000678
0	0.668100	pow
2	0.946686	0.000336
2	0.520212	0.000286
2	0.355348	0.000404
4	0.721568	0.722055
2	0.773659	0.000706
2	0.767332	0.000066
2	0.606411	0.000293
4	0.011461	0.012368
0	0.139549	nxngy
2	0.095669	0.000244
0	0.853006	nmu
2	0.492197	0.000520
4	0.629936	0.630724
0	0.194914	vxcns
4	0.660293	0.660573
2	0.477495	0.000876
4	0.562278	0.563042
4	0.114730	0.115415
4	0.164749	0.164765
0	0.629488	yme
0	0.733119	pw
0	0.364103	xift
2	0.702059	0.000703
4	0.990363	0.990905
0	0.668896	ypdqow
0	0.304969	cb
2	0.544945	0.000571
4	0.114218	0.114631
0	0.307933	tkc
4	0.262669	0.263387
2	0.565332	0.000027
4	0.978351	0.979317
2	0.317471	0.000783
4	0.058668	0.059217
0	0.701747	vgnyhfs
2	0.388250	0.000669
2	0.902784	0.000036
2	0.739988	0.000300
4	0.002898	0.002996
4	0.793521	0.794250
0	0.854415	m
2	0.097794	0.000486
0	0.141965	ipkh
4	0.753724	0.753867
2	0.726653	0.000622
2	0.994304	0.000468
4	0.777995	0.778435
0	0.947700	jgmofy
0	0.913382	ewb
2	0.751827	0.000104
0	0.828878	meqiubo
0	0.934323	ag
2	0.314134	0.000127
0	0.582774	ktqj
4	0.872246	0.872448
0	0.450235	ewjes
4	0.916089	0.916446
4	0.923125	0.923730
0	0.497500	lybjwdgf
4	0.043306	0.043436
4	0.779311	0.779574
4	0.392288	0.393177
2	0.884966	0.000307
0	0.080031	ntoppt
0	0.983162	jh
0	0.542040	ytporf
0	0.033112	tinvjysv
4	0.693710	0.694311
4	0.757717	0.757932
4	0.569390	0.569880
0	0.263804	qh
4	0.401582	0.401717
0	0.114367	qov
2	0.173136	0.000754
2	0.339849	0.000876
4	0.274760	0.274953
0	0.574431	imsjjqtn
2	0.028354	0.000981
2	0.823334	0.000904
2	0.300902	0.000212
4	0.967416	0.967837
4	0.821005	0.821926
2	0.967443	0.000269
4	0.902624	0.903435
2	0.901842	0.000013
4	0.411361	0.411740
0	0.645188	emb
0	0.113933	hjbk
0	0.255361	nxdgl
0	0.478042	khemd
0	0.900437	g
0	0.503279	pdd
2	0.137984	0.000487
4	0.073285	0.074066
4	0.321968	0.322867
0	0.180501	rcersa
4	0.671594	0.671779
0	0.842541	tzenhtyu
0	0.052301	iefaxkq
2	0.174738	0.000148
4	0.677400	0.678299
0	0.401011	ugg
2	0.349863	0.000346
2	0.254891	0.000025
2	0.843325	0.000264
0	0.776995	ukxde
4	0.426510	0.427323
2	0.115732	0.000743
2	0.565278	0.000495
0	0.761918	yztdeb
0	0.462978	no
4	0.923813	0.924155
0	0.285720	qzoolxu
2	0.581328	0.000338
4	0.035588	0.036186
0	0.837745	pkhmrx
0	0.982703	xpihfj
2	0.820820	0.000365
0	0.560465	mnciy
0	0.833628	yycp
2	0.704901	0.000627
2	0.529452	0.000118
0	0.433898	ygqhsiqp
4	0.397898	0.398412
4	0.874145	0.874397
2	0.158739	0.000354
2	0.060647	0.000966
0	0.209031	iujejei
4	0.759760	0.760624
4	0.592367	0.593355
2	0.392429	0.000317
0	0.634859	ndsqmhj
0	0.338942	pcmrv
4	0.534258	0.534954
4	0.828182	0.828959
4	0.364442	0.365393
2	0.253017	0.000769
0	0.154924	fwv
2	0.898323	0.000825
2	0.445255	0.000305
0	0.366813	hnsrquxb
2	0.455346	0.000096
4	0.493319	0.494214
0	0.403571	vcuhk
4	0.432599	0.433152
2	0.387212	0.000831
4	0.008717	0.008980
0	0.984317	th
2	0.589552	0.000260
0	0.450376	y
2	0.113370	0.000337
2	0.016676	0.000424
2	0.399501	0.000825
2	0.339126	0.000893
2	0.613114	0.000078
0	0.386728	eawq
0	0.349991	tblrwdil
2	0.591613	0.000735
2	0.038839	0.000951
0	0.628350	zmr
0	0.650829	gvuph
2	0.511461	0.000306
2	0.572211	0.000218
2	0.506312	0.000810
2	0.935511	0.000675
4	0.650705	0.651019
4	0.359493	0.360485
0	0.412250	aeptdre
0	0.371593	torzvux
2	0.929157	0.000612
2	0.073013	0.000024
0	0.216606	efbsph
0	0.925472	whdxnowg
2	0.749831	0.000909
4	0.810133	0.810534
0	0.750382	rxcczao
0	0.565108	klx
2	0.901384	0.000059
0	0.015508	xj
2	0.262415	0.000984
4	0.829111	0.829269
0	0.330969	lwatlkd
0	0.679620	bjlht
0	0.604788	nybvr
0	0.457425	yxmop
4	0.034773	0.035040
2	0.780284	0.000862
0	0.884337	hjicxshd
4	0.245845	0.246474
0	0.332332	hx
2	0.233389	0.000703
4	0.848348	0.848723
2	0.706951	0.000114
2	0.687388	0.000732
4	0.672703	0.673329
0	0.379673	jtvew
2	0.029992	0.000501
4	0.290517	0.291140
0	0.940727	vtzk
4	0.684614	0.685451
0	0.693191	q
0	0.572091	gsicgowk
4	0.032288	0.032536
0	0.478102	e
4	0.206472	0.206705
0	0.804167	sm
4	0.517479	0.517883
0	0.674739	qbzmfys
0	0.876473	jmjkdiuc
4	0.987123	0.987263
4	0.602853	0.603740
2	0.032640	0.000127
0	0.326513	fedurh
4	0.868030	0.868744
2	0.529465	0.000003
4	0.179640	0.179926
2	0.043134	0.000033
0	0.386035	plcjcr
2	0.600075	0.000010
0	0.410872	y
2	0.668448	0.000727
0	0.467882	kuid
4	0.492880	0.493551
0	0.195299	wxyjg
2	0.731001	0.000413
0	0.515142	itg
4	0.063262	0.063602
2	0.345297	0.000346
0	0.013970	ck
0	0.219759	jlicic
0	0.720174	wyndg
4	0.173090	0.173293
0	0.715112	dw
0	0.076007	mkdyncle
0	0.961506	z
4	0.090680	0.091246
2	0.664341	0.000715
2	0.166217	0.000241
4	0.404446	0.405360
4	0.714168	0.714412
2	0.422420	0.000110
2	0.131078	0.000942
4	0.370225	0.370834
0	0.619155	sosiyby
4	0.086206	0.086673
0	0.110293	rchjvkbs
2	0.992013	0.000930
2	0.597742	0.000696
2	0.795706	0.000386
4	0.995216	0.995322
4	0.835867	0.835908
2	0.431816	0.000190
4	0.291517	0.291671
0	0.759681	j
0	0.550089	prn
0	0.109704	pp
2	0.029770	0.000396
2	0.747442	0.000042
0	0.934478	thyh
0	0.936375	mjimed
2	0.998202	0.000820
0	0.364197	uu
4	0.952150	0.952373
4	0.101369	0.102164
4	0.415188	0.416125
0	0.222147	jlfmdjh
0	0.302262	fzkl
0	0.500144	jhn
4	0.276812	0.276879
2	0.012242	0.000327
2	0.413177	0.000606
0	0.304827	kyhohrff
2	0.867286	0.000034
2	0.823866	0.000552
4	0.165561	0.165911
0	0.153097	kvnemvi
0	0.657875	sxgom
0	0.020231	utrrk
2	0.636032	0.000195
4	0.308736	0.308853
0	0.727029	ffbwwd
2	0.977579	0.000585
4	0.058060	0.058227
2	0.792923	0.000307
2	0.048182	0.000562
0	0.741692	zo
4	0.843809	0.843908
2	0.615527	0.000707
0	0.635123	cjeiswc
4	0.104464	0.105176
0	0.783129	ghpi
4	0.946746	0.947503
2	0.445999	0.000500
0	0.962840	twrf
4	0.067836	0.068505
4	0.852097	0.852712
4	0.042003	0.042294
2	0.682656	0.000543
4	0.420866	0.421597
4	0.427279	0.428194
0	0.447147	ykit
0	0.011572	kckq
2	0.266019	0.000463
4	0.324895	0.325408
0	0.611895	ftbnhuhb
2	0.585571	0.000489
2	0.530243	0.000606
0	0.796260	sr
4	0.698542	0.699349
4	0.659224	0.660221
2	0.313073	0.000682
2	0.070584	0.000327
4	0.103999	0.104706
0	0.321016	t
2	0.666071	0.000367
2	0.490645	0.000119
2	0.020088	0.000800
2	0.018813	0.000911
0	0.746454	p
4	0.434914	0.435352
0	0.076990	mwnldb
4	0.251423	0.252270
0	0.283395	tufwi
0	0.459492	ieu
2	0.059068	0.000055
0	0.573878	rpzbv
0	0.551811	jmc
4	0.646699	0.647072
4	0.719320	0.719735
4	0.673745	0.674571
2	0.476920	0.000502
4	0.255581	0.256321
0	0.811925	r
2	0.779744	0.000344
4	0.246730	0.246741
2	0.368660	0.000321
0	0.697462	wilu
4	0.317409	0.317800
2	0.848223	0.000156
4	0.981884	0.982440
4	0.940858	0.940921
2	0.710587	0.000453
4	0.757185	0.757346
4	0.539928	0.539963
2	0.885834	0.000176
4	0.793998	0.794226
0	0.668265	qbkfi
0	0.548930	fyjixwj
0	0.185713	ewt
4	0.651475	0.652043
2	0.847297	0.000543
2	0.848722	0.000496
0	0.725551	j
0	0.992362	tzpqhm
0	0.133869	qrtnu
2	0.874886	0.000763
2	0.635622	0.000794
2	0.333020	0.000215
4	0.511991	0.512052
4	0.324988	0.325783
0	0.734593	rulpjbt
0	0.631932	uhv
2	0.352027	0.000945
2	0.526399	0.000673
4	0.683014	0.683481
2	0.812481	0.000815
0	0.240375	rsjrelu
2	0.752408	0.000616
0	0.646390	cccs
2	0.333822	0.000160
0	0.646673	rl
0	0.274674	aabx
2	0.960255	0.000639
4	0.181667	0.182338
2	0.455241	0.000118
2	0.117519	0.000033
2	0.903599	0.000459
2	0.760428	0.000743
0	0.746559	vojvoxj
0	0.240252	jpalift
4	0.559188	0.559833
2	0.517445	0.000420
4	0.557779	0.557909
0	0.275694	kotpc
4	0.205197	0.206030
4	0.758977	0.759066
2	0.672968	0.000245
2	0.653634	0.000970
2	0.464379	0.000365
4	0.599586	0.600276
2	0.459861	0.000081
2	0.609535	0.000239
4	0.229836	0.230436
4	0.769328	0.770123
4	0.236026	0.236253
4	0.990231	0.990681
4	0.535178	0.535869
4	0.865719	0.866292
2	0.904482	0.000627
2	0.883304	0.000492
4	0.855152	0.855225
4	0.935775	0.936147
2	0.353449	0.000522
0	0.507775	zoctymxg
0	0.847091	teaj
0	0.488282	uktee
4	0.862919	0.863111
2	0.113357	0.000756
2	0.109542	0.000454
4	0.221254	0.221335
4	0.252472	0.252719
4	0.947148	0.947167
0	0.352616	ameikj
2	0.626069	0.000874
2	0.299917	0.000364
2	0.876989	0.000062
4	0.886846	0.887710
0	0.388087	r
4	0.764595	0.764770
2	0.683804	0.000207
4	0.072498	0.072908
4	0.303195	0.303685
4	0.436601	0.436895
4	0.176351	0.176481
2	0.805446	0.000929
2	0.164451	0.000373
2	0.945692	0.000394
4	0.568074	0.568443
0	0.779015	jpifa
0	0.354664	zkzibxhy
2	0.201578	0.000474
4	0.899369	0.900218
0	0.566384	ihkbhypn
0	0.767986	cbv
2	0.672744	0.000935
0	0.880151	xrx
0	0.358881	bcrrvhy
0	0.915450	o
0	0.151925	inw
2	0.278132	0.000236
2	0.133799	0.000348
4	0.627093	0.627968
0	0.058296	zb
4	0.065284	0.065819
4	0.723838	0.724676
2	0.540393	0.000584
2	0.185764	0.000497
4	0.010371	0.011245
0	0.392652	ln
0	0.893863	xl
2	0.108564	0.000761
0	0.595790	lmovuh
2	0.402891	0.000982
0	0.255488	gvmfnko
4	0.055128	0.055293
0	0.867147	kmca
4	0.344513	0.344541
2	0.267045	0.000290
0	0.360122	ggmxushy
4	0.833676	0.834032
4	0.673138	0.673236
0	0.346335	xutqfohe
4	0.286498	0.286740
0	0.142307	m
4	0.276408	0.276939
0	0.626844	t
4	0.905626	0.905729
4	0.777083	0.777218
2	0.049983	0.000826
0	0.288384	kdkjvgrd
2	0.154976	0.000864
0	0.595167	zp
2	0.962611	0.000244
2	0.109503	0.000489
0	0.196643	gbm
4	0.551415	0.552391
0	0.671175	trtrm
2	0.553298	0.000210
0	0.672038	yf
0	0.622327	lxcff
4	0.928819	0.929470
2	0.454945	0.000969
2	0.702974	0.000874
4	0.767973	0.768061
4	0.127241	0.128022
4	0.981362	0.982118
2	0.265895	0.000894
4	0.282188	0.283129
4	0.682738	0.682995
4	0.314862	0.315254
0	0.198194	trkvq
4	0.580226	0.580851
4	0.030334	0.030490
0	0.485642	eamjqv
4	0.380952	0.381490
4	0.834340	0.835018
4	0.162496	0.162707
2	0.954177	0.000761
0	0.112026	acesxcy
2	0.567985	0.000048
2	0.544788	0.000762
2	0.584787	0.000787
4	0.196317	0.197176
4	0.591133	0.591926
2	0.433661	0.000395
0	0.486907	bleof
2	0.890444	0.000297
2	0.785835	0.000865
0	0.426876	geo
4	0.613362	0.613651
4	0.595371	0.595396
4	0.686551	0.686861
4	0.219169	0.219404
0	0.213765	e
4	0.916545	0.917213
0	0.856245	umlk
2	0.583391	0.000712
2	0.802713	0.000207
0	0.632952	gugztlw
4	0.974886	0.975364
0	0.756960	xv
4	0.408047	0.408402
2	0.430774	0.000776
2	0.445034	0.000905
0	0.404960	o
4	0.113097	0.113260
2	0.570536	0.000373
4	0.419869	0.419900
0	0.845308	ue
2	0.400562	0.000140
2	0.588628	0.000492
2	0.898057	0.000593
2	0.212846	0.000473
0	0.267186	orc
0	0.394205	c
4	0.006316	0.006436
0	0.874850	uvcdb
2	0.535628	0.000839
4	0.046562	0.047365
4	0.346560	0.346738
4	0.930995	0.931517
0	0.470647	fw
4	0.549150	0.550005
2	0.322299	0.000399
0	0.381566	wbapw
4	0.725143	0.725211
2	0.843146	0.000160
0	0.717805	pielqss
4	0.179402	0.179713
4	0.688099	0.688146
4	0.012410	0.012909
0	0.896566	y
0	0.065569	kgjegnds
4	0.446962	0.447714
2	0.272984	0.000831
0	0.770176	fny
0	0.364886	ph
2	0.381528	0.000305
4	0.134310	0.134499
2	0.947722	0.000352
4	0.768842	0.768987
2	0.607455	0.000731
2	0.538233	0.000280
0	0.869703	evl
0	0.285082	usufi
2	0.760581	0.000711
0	0.628442	nvpaqn
2	0.174821	0.000551
0	0.779010	ug
0	0.327871	gnxe
0	0.230082	o
2	0.529248	0.000416
0	0.039806	syez
0	0.540420	jiayt
0	0.714241	slt
4	0.396303	0.397062
4	0.275654	0.276264
0	0.720816	trywxmmg
2	0.229033	0.000552
2	0.902648	0.000768
0	0.381549	bnqxkg
2	0.116142	0.000351
2	0.625948	0.000770
0	0.208717	orkczgxl
0	0.756731	rcz
2	0.975297	0.000915
4	0.429797	0.430396
2	0.677994	0.000679
2	0.532237	0.000707
4	0.489828	0.489874
2	0.822221	0.000733
2	0.566592	0.000583
4	0.574147	0.574803
2	0.201284	0.000599
0	0.119268	si
0	0.882842	mjh
2	0.996728	0.000968
4	0.094765	0.095108
4	0.864075	0.864604
0	0.387819	h
2	0.244593	0.000893
0	0.836444	o
2	0.666345	0.000855
4	0.071384	0.071571
2	0.704965	0.000073
0	0.070859	ocl
4	0.999871	1.000445
4	0.064732	0.065657
2	0.401820	0.000092
0	0.067723	sls
2	0.234803	0.000812
4	0.858491	0.858978
2	0.858350	0.000614
0	0.858506	juczyspi
2	0.241587	0.000456
2	0.949747	0.000197
4	0.936699	0.936855
2	0.841484	0.000339
4	0.458604	0.459431
0	0.743671	idfiy
4	0.552772	0.553283
4	0.123073	0.123451
0	0.513929	af
4	0.433147	0.433538
4	0.974265	0.974416
2	0.661668	0.000802
4	0.829418	0.829627
0	0.141685	vtqagjr
2	0.616946	0.000585
4	0.121736	0.121819
4	0.324638	0.324852
2	0.023798	0.000024
2	0.610004	0.000310
2	0.054494	0.000680
4	0.158332	0.159199
0	0.742476	ll
2	0.905144	0.000320
0	0.101774	iklejja
0	0.492395	hajg
4	0.544950	0.545443
4	0.178432	0.178739
4	0.624209	0.624543
0	0.883490	jnvvvq
4	0.905077	0.905784
0	0.699748	qkl
2	0.457565	0.000778
2	0.484999	0.000055
0	0.937538	zvur
4	0.794865	0.795181
4	0.103219	0.103361
0	0.420676	niyoxzer
4	0.046069	0.046354
4	0.367929	0.368400
4	0.240629	0.241189
4	0.801573	0.802394
4	0.910321	0.910378
4	0.588785	0.589587
0	0.285539	vaopnloi
2	0.214526	0.000723
0	0.498334	jegzqoi
0	0.336120	hxvu
2	0.653886	0.000927
4	0.120109	0.120912
4	0.444995	0.445526
0	0.913957	ro
2	0.231492	0.000025
2	0.419264	0.000871
4	0.239083	0.239851
4	0.149619	0.149962
2	0.782225	0.000468
4	0.681311	0.681559
0	0.697804	lb
2	0.569372	0.000523
2	0.054399	0.000192
4	0.617253	0.617410
2	0.330576	0.000266
2	0.595113	0.000977
0	0.318834	bx
4	0.906849	0.907183
2	0.893611	0.000927
2	0.755468	0.000085
4	0.087858	0.088074
4	0.965874	0.966084
4	0.988080	0.988716
2	0.507272	0.000170
0	0.983228	ne
4	0.929286	0.930187
2	0.259158	0.000218
2	0.831175	0.000239
0	0.931345	vmty
2	0.998486	0.000603
2	0.610634	0.000413
0	0.524512	k
4	0.099186	0.100053
0	0.328170	qku
2	0.627163	0.000172
0	0.138161	nsg
4	0.977831	0.977957
2	0.914315	0.000873
0	0.743357	ymjtv
2	0.090767	0.000557
0	0.654071	ptumrom
2	0.517658	0.000958
2	0.426767	0.000332
4	0.424889	0.425125
0	0.098561	urrjm
0	0.120538	hfhz
2	0.741550	0.000942
2	0.432240	0.000084
0	0.475941	f
4	0.773609	0.773775
2	0.969699	0.000894
4	0.287985	0.288159
4	0.089295	0.089677
0	0.892965	jxiongv
2	0.337119	0.000362
2	0.596723	0.000213
2	0.679052	0.000672
2	0.306556	0.000320
0	0.608113	iibjrqg
4	0.097280	0.097608
0	0.480770	ru
2	0.672190	0.000060
2	0.624809	0.000059
0	0.583739	zxgiuhjs
0	0.683486	hjwhh
4	0.787470	0.787525
0	0.494424	m
4	0.325363	0.326357
0	0.998153	ujygq
4	0.832493	0.833057
2	0.632825	0.000168
0	0.908595	dxmgqbi
4	0.543171	0.543501
4	0.137429	0.137770
2	0.429692	0.000455
4	0.960530	0.960700
2	0.598608	0.000175
0	0.874103	mjrdun
4	0.657942	0.658596
4	0.411133	0.412055
0	0.672446	qhnhu
0	0.715392	okitqky
0	0.890412	jjgehehy
4	0.364388	0.364434
4	0.109137	0.110122
2	0.487532	0.000745
2	0.148161	0.000421
0	0.644446	dpiyf
2	0.136755	0.000444
0	0.922414	gx
4	0.653539	0.653820
0	0.311191	jjqavq
4	0.187741	0.187840
2	0.157151	0.000897
2	0.873147	0.000483
0	0.786753	kdvtdmd
4	0.002899	0.003860
0	0.181655	jmyiycdy
4	0.718018	0.718570
0	0.649393	qkwlzr
4	0.074688	0.074910
0	0.809605	g
4	0.923029	0.923481
0	0.306345	f
0	0.905531	qhvk
4	0.723587	0.723699
4	0.797464	0.798373
4	0.397456	0.398041
0	0.093486	g
4	0.006977	0.007001
0	0.608652	wsm
4	0.193859	0.194731
2	0.744677	0.000985
0	0.220755	cios
4	0.231046	0.232014
4	0.610336	0.610378
2	0.639551	0.000317
0	0.253114	slhloch
0	0.736237	gdujpd
4	0.378864	0.379632
0	0.607771	assd
4	0.070952	0.071413
4	0.060998	0.061965
0	0.034434	opbzty
0	0.061392	ukrcf
4	0.260492	0.261273
0	0.418691	kihxljju
0	0.616166	ff
0	0.630966	lkdjijv
4	0.389307	0.389508
0	0.959613	ngceg
4	0.253569	0.254048
4	0.018672	0.019319
2	0.226945	0.000951
0	0.162856	ior
4	0.202864	0.202966
2	0.604982	0.000890
2	0.841560	0.000803
4	0.631241	0.631679
2	0.927095	0.000739
4	0.994504	0.995403
4	0.241116	0.241690
4	0.422627	0.422948
2	0.684402	0.000882
4	0.801718	0.801759
2	0.488133	0.000972
0	0.160977	f
4	0.311384	0.311604
4	0.456409	0.456523
2	0.009253	0.000239
2	0.317744	0.000837
2	0.197172	0.000501
4	0.082976	0.083592
2	0.116378	0.000005
4	0.728761	0.729662
4	0.616286	0.616783
4	0.473896	0.474096
4	0.634282	0.635054
4	0.714439	0.715196
2	0.571798	0.000382
0	0.777704	qadka
4	0.522365	0.522762
2	0.335830	0.000574
2	0.170697	0.000603
4	0.931267	0.931886
0	0.605241	gywdaw
0	0.991834	inxhf
4	0.157088	0.157256
0	0.228144	baxqcsoe
4	0.279619	0.280071
0	0.747216	b
2	0.358041	0.000726
0	0.970038	qbgagqo
2	0.445651	0.000550
0	0.017881	rqemnj
4	0.831010	0.831641
4	0.816197	0.816574
0	0.864084	tmdhhor
0	0.840962	spg
4	0.434942	0.435821
4	0.221929	0.222262
0	0.931727	qvbfvp
2	0.396203	0.000894
4	0.279873	0.279993
4	0.770305	0.770572
2	0.731408	0.000573
0	0.685047	dfok
2	0.697531	0.000082
0	0.852759	pbvddz
2	0.996789	0.000642
0	0.907627	cwkrvy
4	0.353079	0.353587
4	0.770146	0.770294
4	0.343054	0.343500
2	0.034509	0.000556
4	0.368282	0.368759
4	0.855702	0.855835
2	0.406376	0.000813
2	0.759318	0.000627
4	0.837964	0.838445
2	0.793145	0.000364
0	0.049937	wtauvn
4	0.488664	0.488905
4	0.621727	0.622426
4	0.431543	0.432537
4	0.896681	0.897009
2	0.769059	0.000989
4	0.844482	0.845442
2	0.475600	0.000096
2	0.368083	0.000646
0	0.967678	frsnkglo
2	0.321051	0.000800
0	0.085005	mq
4	0.998360	0.998927
4	0.160269	0.160501
2	0.532291	0.000501
0	0.213627	mv
2	0.308883	0.000920
0	0.939584	pvra
0	0.396235	uphu
2	0.091913	0.000150
2	0.369573	0.000239
2	0.207084	0.000516
0	0.942065	ste
4	0.019013	0.019136
0	0.762692	gfwfcrtl
4	0.146392	0.146509
4	0.691445	0.691961
4	0.412152	0.412562
4	0.387870	0.388841
4	0.467244	0.468067
2	0.922864	0.000829
4	0.911560	0.912472
2	0.969073	0.000738
0	0.173168	vrkmf
0	0.134146	gbcqr
0	0.471571	waztnro
2	0.019238	0.000260
0	0.271353	khuzlp
0	0.966657	pueqgqu
4	0.237030	0.237298
4	0.430145	0.430521
0	0.280203	d
0	0.473271	emwpyf
4	0.398043	0.398745
4	0.480026	0.480205
0	0.647518	iqqz
4	0.412903	0.412967
4	0.464616	0.464882
4	0.780491	0.780638
2	0.658718	0.000631
2	0.160264	0.000825
2	0.368668	0.000589
0	0.929334	itci
4	0.801283	0.801944
0	0.931973	xfrjlq
0	0.590729	iv
2	0.113791	0.000175
4	0.493383	0.493616
0	0.006291	chuyqld
4	0.963228	0.963776
0	0.067416	dlxxuyy
2	0.264409	0.000408
0	0.924817	epphjsvo
4	0.372310	0.372826
0	0.051601	kchh
0	0.772558	cudkveys
2	0.959854	0.000946
4	0.640173	0.641042
2	0.280970	0.000425
2	0.104179	0.000193
0	0.055330	pyff
0	0.054558	yyjyd
4	0.571602	0.571923
4	0.571545	0.572394
4	0.442562	0.442661
0	0.651245	jpkeedr
0	0.437435	px
0	0.921261	l
0	0.539497	wor
4	0.829435	0.830297
2	0.354439	0.000741
2	0.758395	0.000823
2	0.758130	0.000340
0	0.722623	xng
0	0.497618	l
4	0.429998	0.430378
2	0.998436	0.000839
0	0.547557	k
4	0.553044	0.553163
4	0.685557	0.685615
4	0.019262	0.019375
0	0.776759	ivd
2	0.922057	0.000203
0	0.296784	exwtye
4	0.119185	0.119244
4	0.405233	0.405718
2	0.242362	0.000770
0	0.219921	hssoort
4	0.703453	0.704299
4	0.578989	0.579486
4	0.744541	0.745472
0	0.245949	dbgxos
0	0.918565	oqkubsfc
2	0.781172	0.000624
2	0.581530	0.000801
4	0.079442	0.079473
4	0.922479	0.923270
0	0.513244	kxvdwozt
2	0.295343	0.000054
2	0.076229	0.000557
2	0.949163	0.000428
0	0.631876	ope
0	0.080685	ic
0	0.607120	bpburswg
4	0.848852	0.849454
0	0.485549	qwacgtx
4	0.651984	0.652332
0	0.841490	ucwlxuz
0	0.237371	evqpbjrf
0	0.062951	dku
2	0.558712	0.000353
2	0.165708	0.000281
0	0.399860	f
4	0.988636	0.989419
4	0.899412	0.899874
0	0.399490	bgvkobsd
0	0.477050	icfce
4	0.820367	0.821281
2	0.812356	0.000060
0	0.093383	tlvegn
4	0.130553	0.131190
4	0.014162	0.014940
0	0.541081	xyrrsm
2	0.200573	0.000559
4	0.809354	0.810340
0	0.459308	jhkp
2	0.772572	0.000346
4	0.751560	0.751772
2	0.212865	0.000315
2	0.927886	0.000826
2	0.634443	0.000542
4	0.060585	0.061458
4	0.087304	0.087966
2	0.171604	0.000591
4	0.541979	0.542514
0	0.765377	mppt
0	0.534071	qodikwwk
0	0.241220	nt
0	0.296960	ubjthn
2	0.028069	0.000115
0	0.625519	pbejqnnz
4	0.729718	0.730276
0	0.311789	oponssz
0	0.086211	ytgg
4	0.045862	0.046484
2	0.861253	0.000203
0	0.977930	ikmq
4	0.224054	0.224683
2	0.093400	0.000932
2	0.619763	0.000312
4	0.909296	0.910100
2	0.594854	0.000295
4	0.789730	0.789961
0	0.272268	ulhygdzy
4	0.861284	0.861311
2	0.093988	0.000957
2	0.117112	0.000833
2	0.795800	0.000704
4	0.214790	0.214883
4	0.408847	0.409139
2	0.126975	0.000142
0	0.951562	mjdw
2	0.572469	0.000133
2	0.779953	0.000599
4	0.256659	0.257046
0	0.951565	ncyapm
2	0.655082	0.000235
2	0.702904	0.000785
0	0.867715	iwlkt
4	0.615420	0.616069
4	0.406598	0.407592
4	0.755783	0.755962
2	0.242218	0.000625
4	0.919631	0.920625
0	0.556139	bwtp
0	0.487452	eqe
0	0.152277	ehlu
4	0.582249	0.582546
0	0.925359	byrl
2	0.466112	0.000223
4	0.045657	0.045755
4	0.433422	0.433607
4	0.765556	0.766427
2	0.950142	0.000102
4	0.430310	0.430785
4	0.301273	0.301553
2	0.025592	0.000848
0	0.016423	ftu
0	0.301442	bgid
4	0.629498	0.629759
0	0.829951	nboyjgf
2	0.029631	0.000123
2	0.600861	0.000406
0	0.188574	wupwwcfs
0	0.703701	oeschg
2	0.746591	0.000657
2	0.450711	0.000557
2	0.752067	0.000011
4	0.440869	0.441833
2	0.073000	0.000085
4	0.413610	0.414389
4	0.022095	0.022111
2	0.606342	0.000927
2	0.180756	0.000594
2	0.793755	0.000860
2	0.668571	0.000693
0	0.005474	ify
2	0.078332	0.000579
4	0.404706	0.405420
4	0.637887	0.638614
0	0.147235	kp
2	0.669833	0.000974
4	0.520088	0.520653
0	0.728186	dvcplqcn
2	0.512037	0.000128
0	0.377990	orikkko
2	0.502245	0.000946
0	0.895129	cdllnkde
4	0.086684	0.087133
2	0.144058	0.000452
4	0.361281	0.361762
2	0.934536	0.000890
2	0.426962	0.000149
4	0.633324	0.633442
0	0.130184	nc
4	0.833326	0.834010
2	0.209485	0.000692
4	0.615697	0.616002
4	0.701744	0.702523
4	0.652368	0.652872
2	0.217033	0.000657
0	0.975211	f
0	0.512922	eu
4	0.833169	0.833249
4	0.219125	0.219133
4	0.133122	0.133497
4	0.158031	0.158140
2	0.147699	0.000003
2	0.000563	0.000542
2	0.891538	0.000727
4	0.698451	0.698861
0	0.410486	kmx
2	0.757585	0.000231
4	0.171052	0.171267
2	0.091706	0.000030
4	0.846147	0.847057
0	0.643293	zhoefwv
0	0.028923	vrf
4	0.456474	0.456797
4	0.598376	0.599205
0	0.694481	s
4	0.624375	0.624630
0	0.153934	mqcxmh
2	0.239946	0.000822
2	0.534990	0.000198
4	0.614977	0.615010
4	0.782605	0.783128
0	0.464611	s
4	0.882104	0.882201
2	0.086803	0.000577
2	0.438881	0.000522
2	0.609211	0.000320
0	0.822216	cfanrl
2	0.870514	0.000313
2	0.531081	0.000700
0	0.969205	qdk
4	0.274221	0.275003
4	0.244503	0.245344
0	0.652986	tyqm
2	0.622232	0.000556
2	0.928025	0.000081
4	0.660123	0.660301
2	0.782373	0.000349
2	0.499445	0.000987
0	0.570833	tfrv
0	0.417817	uvsd
0	0.222896	uxdos
2	0.969067	0.000111
0	0.629535	vx
0	0.798818	wvybs
0	0.997220	sz
0	0.016953	rqetvawq
4	0.528703	0.528811
4	0.259171	0.259609
4	0.341573	0.342204
4	0.162017	0.162824
2	0.560308	0.000103
4	0.326887	0.327108
0	0.443512	au
0	0.573332	pwvci
0	0.253019	aalzf
4	0.127394	0.127575
2	0.943412	0.000575
2	0.263352	0.000321
4	0.805886	0.806453
0	0.382965	dttifxg
4	0.397008	0.397160
0	0.938502	o
0	0.479988	tej
0	0.140760	t
0	0.397303	pmy
4	0.526875	0.527837
4	0.679092	0.679439
2	0.064175	0.000753
0	0.350662	axpqahq
0	0.126959	pxfpt
2	0.443094	0.000177
0	0.963798	h
0	0.556079	qec
0	0.964275	ei
4	0.315799	0.316167
4	0.022358	0.022444
4	0.202372	0.202697
4	0.044844	0.045635
0	0.478871	rsw
4	0.889163	0.889497
2	0.237268	0.000077
2	0.044523	0.000135
4	0.536378	0.536713
0	0.805101	mtwptno
0	0.657056	fhisb
0	0.913263	vo
2	0.583575	0.000174
0	0.534930	k
0	0.203474	okrak
4	0.871712	0.871789
4	0.754937	0.755255
2	0.243822	0.000953
4	0.188346	0.188816
0	0.216108	ddlbbdt
4	0.624102	0.624647
4	0.456395	0.457268
4	0.781983	0.782191
4	0.480793	0.480839
2	0.582808	0.000106
4	0.169362	0.169615
4	0.305094	0.305469
2	0.831950	0.000588
2	0.916588	0.000751
2	0.364653	0.000410
0	0.498676	vihcwhp
0	0.721645	nveln
4	0.264059	0.265037
2	0.926031	0.000936
4	0.632875	0.633264
2	0.366410	0.000231
2	0.219884	0.000821
0	0.893294	snls
4	0.739063	0.739227
0	0.476706	ycmzhe
4	0.725615	0.726266
0	0.471220	gzi
0	0.858632	mecqmi
0	0.860894	ktuec
0	0.415350	b
2	0.969488	0.000895
0	0.254041	us
4	0.526925	0.526964
4	0.726036	0.726332
4	0.947012	0.947316
0	0.125799	afbskc
4	0.697659	0.697983
4	0.890494	0.890674
4	0.839779	0.839913
4	0.265244	0.265879
0	0.105966	dutie
0	0.641549	bjsuyahy
0	0.261047	za
2	0.817508	0.000385
4	0.029922	0.030595
4	0.648132	0.648256
4	0.338764	0.339009
2	0.592563	0.000267
2	0.393230	0.000404
2	0.254908	0.000254
2	0.043648	0.000990
4	0.415262	0.415321
2	0.089678	0.000784
0	0.633543	framo
2	0.168535	0.000920
2	0.391883	0.000547
4	0.540395	0.540937
2	0.406885	0.000367
0	0.512069	iqd
4	0.702376	0.702937
4	0.078733	0.078741
2	0.953192	0.000902
0	0.287917	oozjre
2	0.032510	0.000999
4	0.192017	0.192206
0	0.927222	monp
2	0.979507	0.000938
2	0.739622	0.000763
2	0.027377	0.000587
2	0.834414	0.000709
0	0.106967	fw
0	0.254184	tqyi
4	0.734760	0.735483
0	0.557058	ixz
0	0.839716	xhu
4	0.238351	0.238777
2	0.942177	0.000080
4	0.052436	0.053321
2	0.430340	0.000613
0	0.732004	nut
0	0.268131	wyvjv
2	0.961044	0.000172
4	0.374364	0.375316
0	0.175934	bdo
2	0.404362	0.000856
0	0.251950	i
4	0.989480	0.989603
4	0.569738	0.570533
0	0.057955	vclmuer
2	0.481551	0.000810
4	0.730027	0.730330
4	0.754851	0.755176
0	0.781158	llcuexp
4	0.119322	0.119892
2	0.323141	0.000660
4	0.848857	0.849404
4	0.394872	0.395867
2	0.907295	0.000908
2	0.942399	0.000066
0	0.725168	y
0	0.020548	ccdxsd
4	0.418655	0.419190
0	0.577535	ivs
4	0.054872	0.055026
2	0.348189	0.000668
4	0.240381	0.240684
2	0.996603	0.000976
0	0.869294	nvxe
2	0.604612	0.000806
4	0.260606	0.261439
2	0.723101	0.000778
0	0.266990	cshnyhz
4	0.368060	0.368787
0	0.832755	lwqlhl
2	0.900720	0.000825
2	0.108446	0.000246
4	0.840784	0.841471
4	0.039313	0.039358
4	0.515397	0.516297
4	0.634105	0.634243
2	0.488790	0.000968
2	0.137558	0.000048
2	0.317832	0.000360
0	0.540693	h
2	0.813507	0.000090
4	0.804523	0.805238
4	0.950400	0.950562
0	0.760847	wy
4	0.910757	0.910916
2	0.742003	0.000133
4	0.181781	0.182301
0	0.260685	eyucljwc
4	0.852111	0.852560
2	0.989539	0.000608
0	0.858411	bobjae
2	0.998696	0.000082
2	0.810622	0.000377
0	0.017163	jqp
0	0.189024	ru
4	0.314945	0.315012
2	0.902778	0.000911
0	0.760493	x
4	0.112460	0.113235
2	0.012918	0.000746
2	0.239738	0.000578
0	0.063589	cyfiwcn
2	0.133808	0.000491
0	0.322293	bowdimo
0	0.445694	rwwdq
0	0.148930	mfe
2	0.178895	0.000495
2	0.708153	0.000718
2	0.375427	0.000455
2	0.699660	0.000577
0	0.461339	x
2	0.852277	0.000755
0	0.527030	g
2	0.483943	0.000084
0	0.704974	ecxyni
4	0.010070	0.010287
2	0.488200	0.000381
2	0.233143	0.000752
0	0.347662	w
4	0.063966	0.064620
0	0.424123	mr
2	0.627378	0.000147
4	0.019922	0.020407
0	0.197627	xkkzecf
4	0.743904	0.744878
2	0.918919	0.000353
2	0.697701	0.000631
4	0.044452	0.045441
0	0.504543	dl
2	0.082853	0.000670
4	0.718740	0.719070
4	0.419910	0.420879
2	0.258985	0.000609
4	0.762271	0.763090
4	0.367181	0.367880
0	0.203219	r
0	0.536094	kj
2	0.025798	0.000091
0	0.960181	xzgvb
2	0.739558	0.000954
2	0.162334	0.000571
0	0.542126	wkcncre
4	0.111791	0.111861
4	0.491101	0.491527
4	0.814918	0.814922
2	0.945796	0.000137
4	0.409364	0.409505
2	0.316110	0.000568
2	0.859970	0.000925
2	0.072518	0.000313
2	0.028144	0.000305
4	0.431707	0.432654
2	0.780919	0.000670
2	0.459707	0.000704
2	0.805469	0.000383
0	0.071662	mhtmutkw
0	0.659799	vvyt
2	0.687373	0.000396
4	0.781682	0.782345
0	0.672313	fy
4	0.375872	0.376388
0	0.843914	stuf
2	0.247294	0.000902
4	0.418776	0.419182
0	0.677953	kzbv
4	0.126421	0.126945
0	0.521633	npjsfe
0	0.291664	xbdb
2	0.716879	0.000143
4	0.179581	0.180434
2	0.043156	0.000361
2	0.477134	0.000264
0	0.042624	mfhxody
2	0.573854	0.000938
2	0.944427	0.000168
2	0.979815	0.000029
4	0.197002	0.197363
4	0.912701	0.913653
2	0.363083	0.000099
2	0.487934	0.000120
0	0.803424	dmees
4	0.711700	0.711846
0	0.303657	fzolde
4	0.180056	0.180428
4	0.939598	0.940157
2	0.197336	0.000994
4	0.618592	0.618988
0	0.082279	dryw
4	0.044785	0.045599
2	0.570772	0.000340
4	0.803617	0.803710
4	0.906310	0.906600
0	0.357392	s
0	0.897318	neny
2	0.818961	0.000644
4	0.063893	0.064172
0	0.281450	wpftehs
2	0.874154	0.000732
4	0.684491	0.684881
4	0.701442	0.701982
4	0.161807	0.162532
4	0.401073	0.402064
0	0.510784	ssh
4	0.702891	0.703157
2	0.302299	0.000339
2	0.723243	0.000812
2	0.430275	0.000443
2	0.744088	0.000750
4	0.911153	0.911870
0	0.241859	jyebmwq
4	0.934265	0.934955
2	0.187628	0.000914
0	0.299866	gbpgpohq
0	0.210519	y
0	0.415737	rrcjgs
4	0.614993	0.615643
4	0.295111	0.295895
2	0.121644	0.000400
4	0.537554	0.538214
0	0.712591	z
2	0.152784	0.000128
2	0.036570	0.000948
0	0.054709	rlpsqpe
0	0.737034	q
0	0.482568	hqsdduz
0	0.866627	b
2	0.734763	0.000477
0	0.788836	aincrdv
0	0.785503	acbyjs
2	0.381387	0.000757
0	0.855253	vlykydu
4	0.129699	0.130125
4	0.105409	0.105430
0	0.830482	ldtiuq
4	0.259531	0.259624
2	0.045737	0.000586
2	0.904389	0.000995
2	0.460978	0.000273
0	0.685142	obpoq
0	0.005683	zywn
0	0.321278	c
4	0.141878	0.142123
2	0.279004	0.000988
4	0.433619	0.434107
4	0.610312	0.611202
4	0.518053	0.518461
4	0.642763	0.643545
2	0.194143	0.000630
4	0.042165	0.042650
2	0.029660	0.000187
4	0.538666	0.539144
2	0.446028	0.000084
0	0.925785	xf
4	0.409369	0.409540
4	0.753624	0.753900
2	0.181778	0.000641
4	0.765803	0.766745
2	0.189683	0.000221
0	0.653467	tvqxbjd
4	0.846035	0.846368
4	0.487079	0.487179
2	0.593018	0.000645
0	0.463413	fshbg
0	0.019207	kg
2	0.274072	0.000939
0	0.802205	wx
0	0.112164	no
0	0.675884	qwchwlmc
2	0.402453	0.000792
4	0.333143	0.333442
2	0.135773	0.000156
0	0.270530	qyfu
0	0.692546	di
0	0.784510	ubmfkhu
2	0.965453	0.000002
0	0.321194	sxdaryyo
2	0.909821	0.000694
0	0.518135	idh
4	0.635344	0.635773
2	0.680022	0.000255
2	0.856612	0.000815
0	0.591053	slesnrtz
2	0.998329	0.000004
0	0.905985	qursuyv
0	0.914816	no
2	0.309048	0.000536
2	0.230415	0.000899
4	0.458356	0.459288
4	0.336447	0.337034
0	0.814602	kej
0	0.837320	ndsgkgi
0	0.203811	drellej
0	0.638322	n
4	0.813899	0.814807
4	0.430115	0.431104
2	0.233914	0.000275
0	0.105290	wois
0	0.546867	ntnnxso
4	0.893378	0.894089
4	0.167238	0.167720
2	0.790800	0.000105
2	0.076711	0.000009
0	0.009291	oyq
0	0.710313	bdem
2	0.441401	0.000906
2	0.145371	0.000431
0	0.923620	xnh
2	0.579581	0.000901
4	0.480144	0.480301
2	0.446347	0.000245
2	0.790441	0.000510
4	0.598824	0.599189
2	0.597176	0.000063
2	0.406266	0.000866
0	0.089429	ifoavop
0	0.317189	ostmecd
4	0.245763	0.246499
0	0.030371	oas
2	0.887047	0.000239
4	0.783826	0.784141
2	0.484548	0.000140
4	0.909227	0.909275
2	0.357269	0.000555
2	0.664833	0.000986
4	0.860376	0.860930
0	0.087685	b
0	0.148518	jphu
4	0.598573	0.598693
0	0.943915	ycklab
2	0.284033	0.000990
4	0.653953	0.653972
2	0.170285	0.000395
2	0.785816	0.000229
2	0.218632	0.000218
2	0.163571	0.000048
2	0.025863	0.000081
2	0.579227	0.000229
4	0.300252	0.301190
0	0.123482	jj
4	0.643114	0.643748
0	0.714336	jfoehly
4	0.654949	0.655455
4	0.145048	0.145877
4	0.050154	0.050426
4	0.100652	0.101626
4	0.013650	0.014482
4	0.457022	0.457748
0	0.376305	qkwndnsd
0	0.290925	hsn
2	0.372936	0.000283
2	0.679209	0.000670
4	0.769302	0.770148
2	0.377350	0.000961
2	0.408917	0.000592
2	0.889382	0.000070
4	0.363030	0.363256
0	0.466782	y
4	0.004731	0.005254
0	0.986984	xvm
4	0.862176	0.862373
4	0.604429	0.604905
4	0.458157	0.458592
4	0.765227	0.765867
4	0.386376	0.386933
2	0.334434	0.000441
0	0.944398	svoyt
4	0.409343	0.409795
4	0.431151	0.432027
4	0.910027	0.910283
0	0.076529	en
4	0.014830	0.015004
4	0.856973	0.857258
0	0.381758	ay
0	0.379396	hhvroc
0	0.116540	bkrnhw
2	0.767618	0.000176
4	0.696843	0.697637
0	0.679828	hogimc
4	0.311305	0.311787
4	0.566477	0.567102
2	0.069630	0.000125
0	0.404168	xqelyxjw
2	0.667622	0.000822
4	0.829166	0.829852
4	0.684800	0.685319
4	0.838926	0.839618
4	0.271566	0.272222
0	0.972995	xrhrk
0	0.215753	aeahrxjw
0	0.676659	lk
0	0.183747	azwxx
4	0.705868	0.706000
4	0.146475	0.147155
0	0.672282	kacjh
2	0.538881	0.000522
4	0.564455	0.565048
2	0.097528	0.000597
4	0.354115	0.354641
4	0.661769	0.661878
4	0.886677	0.886964
2	0.570118	0.000050
0	0.573157	phsikp
0	0.279031	m
2	0.644219	0.000935
2	0.857377	0.000636
0	0.457388	jcuwx
4	0.658549	0.659039
0	0.258504	yykpi
2	0.857635	0.000449
0	0.443853	ql
2	0.249198	0.000197
2	0.741617	0.000621
2	0.391388	0.000112
0	0.817415	gpebsvnz
2	0.963552	0.000865
2	0.845016	0.000499
0	0.044678	wfec
4	0.937950	0.938238
0	0.191123	fh
2	0.216192	0.000280
0	0.644836	gdu
0	0.646739	kxuvx
0	0.604107	isdsn
4	0.484487	0.485149
4	0.162918	0.163401
0	0.388819	wjrx
0	0.335725	tlwhf
0	0.235897	pcm
0	0.589302	sedhgttp
2	0.070124	0.000707
2	0.996433	0.000958
0	0.152197	tpyit
2	0.520872	0.000626
2	0.600135	0.000861
0	0.421611	jqhapfh
4	0.650573	0.650863
2	0.798787	0.000498
2	0.620041	0.000470
4	0.874885	0.875288
2	0.340515	0.000605
0	0.558299	ilwhfeqf
4	0.607419	0.607747
2	0.820560	0.000896
2	0.926090	0.000356
0	0.173908	mtzmlsvy
0	0.438496	kkq
2	0.728557	0.000484
2	0.280475	0.000045
0	0.203806	uegkb
0	0.496474	niyjpdx
2	0.325680	0.000532
4	0.249985	0.250556
0	0.971542	z
4	0.830588	0.831438
4	0.484322	0.485139
0	0.834871	rrhw
4	0.845274	0.845362
2	0.686723	0.000148
2	0.654135	0.000942
4	0.292453	0.293390
2	0.989865	0.000477
0	0.690418	vmj
2	0.580565	0.000666
4	0.926704	0.927655
4	0.151836	0.152445
2	0.468749	0.000508
4	0.833845	0.834277
2	0.156849	0.000048
4	0.295258	0.295286
4	0.730755	0.731525
4	0.967908	0.968358
0	0.950502	lvggc
0	0.196700	qelnhmps
0	0.636097	ryjs
4	0.964524	0.965488
4	0.916791	0.917212
0	0.716502	l
4	0.421810	0.422154
4	0.287823	0.288004
2	0.316081	0.000520
0	0.066876	dlw
4	0.147949	0.147975
4	0.174607	0.175009
2	0.079746	0.000747
2	0.823767	0.000682
0	0.346251	w
0	0.210567	bo
2	0.931001	0.000895
4	0.197067	0.197138
4	0.916166	0.916865
0	0.394343	ipyrbvb
4	0.476779	0.477757
0	0.026935	regbj
0	0.728206	gf
4	0.644687	0.645383
4	0.734238	0.734538
4	0.378787	0.379737
0	0.146265	cbvvnhw
4	0.599698	0.599726
2	0.432745	0.000737
2	0.439569	0.000513
0	0.058198	xth
2	0.374986	0.000303
4	0.824926	0.825569
4	0.660506	0.660784
0	0.460805	grrmbf
0	0.054671	rulyd
2	0.749893	0.000795
2	0.836593	0.000436
0	0.461599	fmghreuu
4	0.359713	0.360168
2	0.281677	0.000581
2	0.374777	0.000429
2	0.192232	0.000256
0	0.199120	szruevpr
0	0.611349	wszg
0	0.746341	do
4	0.565696	0.565863
2	0.793776	0.000376
0	0.979334	pbn
2	0.718916	0.000925
4	0.769139	0.769803
0	0.660957	ebkf
2	0.221309	0.000027
2	0.587248	0.000564
4	0.024666	0.024999
4	0.021678	0.022329
4	0.268681	0.269647
4	0.612517	0.613517
0	0.203160	ytclqk
0	0.094113	gy
4	0.456647	0.457413
2	0.170245	0.000285
4	0.394668	0.395527
2	0.236902	0.000462
0	0.336260	ecs
0	0.071814	tysb
0	0.401609	yilgm
4	0.289206	0.289700
2	0.827910	0.000087
4	0.797711	0.797889
4	0.767254	0.767912
0	0.386743	buoij
0	0.090745	yv
2	0.381970	0.000621
0	0.130272	sqkhxnmy
2	0.014805	0.000434
0	0.216061	m
0	0.157605	xhcjxd
0	0.012051	mcacjjt
2	0.702651	0.000759
4	0.304571	0.305328
2	0.158137	0.000768
0	0.704487	dmtthiwd
0	0.577489	pio
4	0.528770	0.529601
0	0.907172	lwoxrhfv
2	0.015959	0.000341
2	0.546936	0.000797
0	0.093567	tpe
2	0.429442	0.000194
4	0.796780	0.797751
4	0.772378	0.772943
0	0.353332	jndjwu
2	0.486116	0.000179
0	0.968147	pfv
2	0.541140	0.000176
0	0.788980	r
0	0.389850	pcqxqn
2	0.712007	0.000482
2	0.607175	0.000660
0	0.939861	pyxsvi
0	0.565052	qeut
2	0.039272	0.000564
4	0.518422	0.519012
0	0.405016	nektjmm
0	0.020292	cnryke
0	0.474771	qoo
4	0.122046	0.122410
4	0.443202	0.443294
2	0.165071	0.000104
4	0.909519	0.910020
0	0.155742	kwd
4	0.990689	0.991346
4	0.018190	0.019099
2	0.096079	0.000043
0	0.583092	k
2	0.653177	0.000904
2	0.702890	0.000653
2	0.509531	0.000292
2	0.080341	0.000387
2	0.390515	0.000229
4	0.682801	0.682872
4	0.424862	0.424996
0	0.713557	zotflvcg
2	0.650770	0.000284
2	0.416470	0.000673
0	0.076589	pfwlhfz
0	0.522376	puualx
2	0.178146	0.000095
2	0.118033	0.000577
4	0.941998	0.942981
2	0.832246	0.000238
2	0.212280	0.000946
2	0.658990	0.000735
0	0.220752	mnfqe
2	0.000785	0.000715
0	0.868081	itjd
2	0.656718	0.000843
4	0.108831	0.109053
4	0.857554	0.858161
4	0.626775	0.627428
2	0.813832	0.000181
0	0.792827	wljwwfmm
4	0.397774	0.398485
4	0.367726	0.368492
0	0.642287	yoroyn
4	0.967868	0.968508
0	0.495937	pzgpmu
0	0.546822	gq
2	0.016031	0.000895
0	0.449460	kyl
2	0.249342	0.000461
2	0.433256	0.000657
0	0.982687	jgmisgj
4	0.736198	0.736617
2	0.923920	0.000111
4	0.561821	0.562054
0	0.120046	iezo
2	0.975726	0.000048
0	0.186981	ianstjn
0	0.023961	mufh
0	0.642649	b
0	0.452471	vsgix
4	0.786601	0.787014
0	0.730262	fpfoj
0	0.793327	wyhbwbpc
2	0.872017	0.000631
0	0.987657	ijvvbub
0	0.093086	ak
4	0.829518	0.830467
4	0.938643	0.939002
0	0.092265	jitcewoh
2	0.764923	0.000627
2	0.731060	0.000304
2	0.510515	0.000384
0	0.371551	fpvyij
0	0.777180	oos
2	0.688222	0.000587
4	0.109232	0.109985
0	0.123451	nlwnpdt
2	0.470382	0.000780
4	0.401657	0.401847
4	0.131373	0.131711
4	0.205973	0.206247
2	0.929081	0.000611
0	0.803293	kgn
2	0.980584	0.000984
4	0.679914	0.680586
0	0.690177	giw
2	0.516294	0.000096
4	0.974134	0.974846
4	0.378541	0.378957
0	0.568391	bokx
4	0.877296	0.878039
2	0.257656	0.000242
2	0.431153	0.000175
4	0.434579	0.434924
4	0.541303	0.542276
4	0.607887	0.608376
0	0.760488	ekc
4	0.493032	0.493304
4	0.258787	0.259566
2	0.657008	0.000388
2	0.215713	0.000955
0	0.597175	djharrv
4	0.408839	0.408993
4	0.596546	0.597362
2	0.980142	0.000896
0	0.652436	bnpic
2	0.585156	0.000760
4	0.984198	0.984919
0	0.823410	tcly
4	0.580909	0.581804
0	0.002688	sdol
0	0.491726	ifornyvx
2	0.863855	0.000733
4	0.497675	0.497695
0	0.059415	zecuondu
0	0.136742	adfi
2	0.685287	0.000511
0	0.302195	icgfko
4	0.837400	0.838058
4	0.015962	0.015991
4	0.700160	0.701057
0	0.507901	gryu
4	0.483423	0.483957
2	0.697151	0.000966
2	0.848206	0.000279
2	0.939414	0.000620
0	0.546454	mkgh
4	0.779342	0.779589
0	0.413548	stnjaiw
4	0.088894	0.089039
0	0.621420	vy
2	0.455162	0.000067
4	0.874561	0.875006
0	0.775119	wfk
0	0.284322	tnusor
0	0.558596	eb
4	0.405952	0.406334
0	0.214730	n
0	0.219297	xc
2	0.960709	0.000217
4	0.876478	0.877422
2	0.962660	0.000669
4	0.005063	0.005874
4	0.898369	0.899221
0	0.578271	s
0	0.755445	j
4	0.912243	0.912984
0	0.763086	rfwlp
2	0.149053	0.000941
2	0.717491	0.000836
4	0.297220	0.297682
4	0.202259	0.202501
2	0.131120	0.000644
0	0.755104	vyt
4	0.758899	0.759220
2	0.839543	0.000696
4	0.142459	0.142466
4	0.849287	0.849724
0	0.643637	nbp
4	0.083040	0.083892
2	0.435427	0.000840
2	0.470648	0.000733
2	0.118723	0.000302
0	0.305016	rcbvvm
2	0.687309	0.000918
4	0.428563	0.428900
2	0.519380	0.000030
4	0.293006	0.293908
4	0.834733	0.835149
0	0.771599	amiq
0	0.820389	ilojrogi
2	0.267472	0.000194
0	0.343739	vlyndn
2	0.562739	0.000361
4	0.884703	0.885001
4	0.324161	0.325136
4	0.234073	0.234169
2	0.061025	0.000998
0	0.807603	b
4	0.845774	0.846758
2	0.923889	0.000159
4	0.918886	0.919741
0	0.521580	x
2	0.916970	0.000815
0	0.799752	jokvlfyt
4	0.216606	0.217354
2	0.603308	0.000712
2	0.836883	0.000495
4	0.797097	0.797644
0	0.682333	npl
2	0.040617	0.000962
0	0.471178	orsmm
2	0.047253	0.000778
4	0.844968	0.845518
2	0.917397	0.000377
4	0.029058	0.029234
2	0.008788	0.000252
0	0.322899	s
0	0.942552	tfi
4	0.013541	0.013884
2	0.137698	0.000749
2	0.811941	0.000601
2	0.135441	0.000477
4	0.348737	0.349089
2	0.668033	0.000886
0	0.566617	tynucjl
0	0.232659	khh
4	0.414168	0.414647
4	0.762581	0.763105
4	0.870198	0.870440
0	0.361190	itwejpa
2	0.694702	0.000910
4	0.514694	0.515378
2	0.115631	0.000306
0	0.292293	tjqfq
4	0.076187	0.076717
0	0.322580	xxovy
0	0.562206	fkf
2	0.447382	0.000572
2	0.062529	0.000202
4	0.112788	0.113436
4	0.761003	0.761151
0	0.749558	rjz
2	0.748610	0.000859
2	0.682352	0.000735
0	0.176345	myhmxp
2	0.071808	0.000175
4	0.508150	0.508865
2	0.851550	0.000549
0	0.847440	vuwr
4	0.084658	0.085231
0	0.282053	pdbnhev
0	0.638777	yliu
4	0.024246	0.025226
2	0.283063	0.000354
0	0.062250	dlvz
4	0.186228	0.186989
4	0.056732	0.057194
2	0.483619	0.000410
2	0.649426	0.000929
0	0.354365	fqrmmfms
0	0.543137	mlgrocpg
0	0.245923	dgrst
4	0.553380	0.553657
0	0.526830	ks
2	0.036433	0.000743
0	0.869609	ibpzmrf
2	0.737494	0.000266
0	0.877440	icq
2	0.712358	0.000444
0	0.526406	othhcel
0	0.169214	h
4	0.122593	0.123444
2	0.907132	0.000741
2	0.721752	0.000768
4	0.765962	0.766543
2	0.339140	0.000172
0	0.690105	h
2	0.358598	0.000153
4	0.691012	0.691438
2	0.811619	0.000378
0	0.237297	hogyyw
0	0.368201	oss
2	0.182255	0.000073
0	0.200667	up
2	0.685977	0.000667
4	0.257153	0.257477
0	0.226687	jibgcr
2	0.053545	0.000955
4	0.941740	0.942248
0	0.076132	dunwwsqt
0	0.102516	fobsticd
2	0.148273	0.000874
4	0.209121	0.209774
0	0.745481	hpadluh
0	0.767264	bgclswk
4	0.155360	0.155404
4	0.304877	0.305221
4	0.050238	0.050808
2	0.977858	0.000497
0	0.758072	yeqaifv
4	0.283228	0.283964
0	0.422896	l
0	0.910872	ottipcn
2	0.425483	0.000199
4	0.134320	0.134927
0	0.315587	mbgiqde
0	0.138110	f
0	0.112464	rfpwhul
4	0.287571	0.288132
2	0.631182	0.000329
2	0.552934	0.000956
2	0.839662	0.000110
4	0.200082	0.200661
0	0.534387	mgb
2	0.166084	0.000656
2	0.037975	0.000726
0	0.092829	wmpdgkcn
0	0.607752	talupmhq
4	0.037136	0.037959
4	0.356483	0.356619
2	0.810134	0.000567
4	0.078836	0.079638
2	0.709264	0.000227
0	0.536056	h
2	0.053001	0.000198
0	0.018145	irn
4	0.529041	0.529823
0	0.422165	t
4	0.376463	0.377260
0	0.531912	k
4	0.514963	0.515201
4	0.022119	0.022764
2	0.243741	0.000482
2	0.622154	0.000274
4	0.559446	0.559943
2	0.657924	0.000994
0	0.533864	ugjiwfbb
0	0.745132	fcue
0	0.062065	ynmxjgxn
2	0.756094	0.000562
4	0.035292	0.036177
2	0.741857	0.000584
2	0.285133	0.000072
0	0.446122	nyup
4	0.481502	0.482280
2	0.170936	0.000310
0	0.772660	sm
4	0.928529	0.928999
4	0.728790	0.729667
0	0.217236	fwtytskx
0	0.498162	fn
2	0.835770	0.000055
2	0.649101	0.000904
2	0.725690	0.000685
2	0.460952	0.000560
0	0.068000	v
2	0.927171	0.000256
2	0.985935	0.000359
2	0.908215	0.000516
0	0.392734	ycoblw
4	0.527917	0.528670
0	0.679124	uyhfu
4	0.856753	0.857242
0	0.264373	y
0	0.257339	q
0	0.784234	zvtxzaha
4	0.796972	0.797561
2	0.133551	0.000791
4	0.317553	0.318082
0	0.873194	iwjkqce
2	0.837294	0.000189
0	0.369798	vi
2	0.408175	0.000393
0	0.246896	hkqwg
0	0.399014	emplid
2	0.943960	0.000562
4	0.082053	0.082592
4	0.630865	0.631527
0	0.742740	vwilipz
4	0.893900	0.894726
2	0.193621	0.000924
0	0.000798	q
4	0.927670	0.928245
2	0.760902	0.000720
2	0.937773	0.000537
4	0.871241	0.871985
4	0.771149	0.772089
2	0.718711	0.000583
2	0.807688	0.000709
4	0.557172	0.558008
2	0.484141	0.000667
4	0.176507	0.177083
4	0.648119	0.648319
0	0.356940	rbs
4	0.784954	0.785370
0	0.951332	wmk
4	0.354511	0.355223
0	0.224239	hkixraqt
2	0.733917	0.000623
4	0.866221	0.866272
0	0.739636	s
0	0.886356	vrj
4	0.181604	0.182364
0	0.866077	fau
2	0.581205	0.000841
2	0.780693	0.000331
4	0.209581	0.209661
4	0.454436	0.455300
2	0.238365	0.000271
0	0.747178	vtu
4	0.043371	0.043526
2	0.382335	0.000777
4	0.258433	0.259114
0	0.107098	g
2	0.730034	0.000971
4	0.093205	0.093982
4	0.008456	0.009383
2	0.838485	0.000519
0	0.403053	ikt
0	0.560069	yq
4	0.694090	0.694147
0	0.505786	wuvgru
2	0.402287	0.000265
2	0.417935	0.000984
2	0.493377	0.000118
0	0.374219	frjrkld
0	0.173908	omcnfjyr
2	0.929935	0.000440
0	0.048544	wcyw
0	0.841868	njjdc
0	0.985364	phckg
4	0.221479	0.222138
0	0.574435	wppjhsl
2	0.475633	0.000198
4	0.127441	0.127945
0	0.016482	ijvd
4	0.889849	0.890273
2	0.180488	0.000839
4	0.202823	0.202951
0	0.519794	yghp
0	0.564528	z
2	0.037596	0.000216
0	0.688859	bjqqgj
4	0.008205	0.008631
4	0.528375	0.528876
4	0.084383	0.085200
4	0.482949	0.483185
4	0.570320	0.570408
0	0.540707	wxgrkxw
2	0.822121	0.000709
2	0.932700	0.000454
4	0.762306	0.762739
0	0.492024	hpaiu
2	0.683059	0.000012
0	0.335899	vbp
0	0.313430	e
0	0.255472	cqzmewfr
0	0.644924	zxwbirmh
2	0.324893	0.000971
2	0.227845	0.000633
2	0.139034	0.000969
4	0.608287	0.608357
0	0.922992	xmorlvhg
4	0.252494	0.253255
0	0.403445	nehkfcmh
4	0.096025	0.096491
0	0.542189	laqphijh
0	0.086842	jnlbbc
2	0.976675	0.000905
2	0.109722	0.000881
4	0.662947	0.663755
0	0.262685	hoeqnqu
0	0.276980	bnuj
2	0.303989	0.000002
2	0.971120	0.000032
2	0.310446	0.000179
4	0.598396	0.598531
2	0.467937	0.000169
0	0.607806	ihktyoru
2	0.600440	0.000364
0	0.381127	ftwso
0	0.699570	h
4	0.967093	0.967720
4	0.457251	0.457524
2	0.486134	0.000866
2	0.588999	0.000538
0	0.527882	v
4	0.219181	0.219992
2	0.044727	0.000107
2	0.061254	0.000795
2	0.645904	0.000670
4	0.037260	0.037749
4	0.281465	0.282420
0	0.557452	pprbbxwy
2	0.757546	0.000288
4	0.943380	0.944168
2	0.968269	0.000063
2	0.576043	0.000261
0	0.336820	oqzlkhpq
2	0.805204	0.000724
2	0.271671	0.000278
0	0.704396	wmueir
2	0.814546	0.000553
0	0.613037	zlgvlohy
2	0.477012	0.000638
4	0.096384	0.097312
2	0.118987	0.000911
4	0.558037	0.559025
2	0.380029	0.000868
0	0.650737	snee
0	0.616459	fsvcywl
4	0.811958	0.812435
0	0.812359	o
2	0.897344	0.000232
2	0.566582	0.000693
4	0.588339	0.589017
0	0.264346	pyx
0	0.511479	ygcvfpwy
2	0.501549	0.000708
4	0.359911	0.360015
0	0.410890	b
4	0.016260	0.017086
2	0.068573	0.000363
4	0.454118	0.454216
2	0.648266	0.000799
2	0.681882	0.000374
0	0.274395	ckeuexy
2	0.235499	0.000249
4	0.400208	0.401036
4	0.997271	0.997944
2	0.658262	0.000212
0	0.090176	xznhvb
2	0.509885	0.000362
2	0.254879	0.000875
0	0.596081	uhuqpc
2	0.873015	0.000358
2	0.349647	0.000741
4	0.449049	0.449172
4	0.786152	0.787036
2	0.198770	0.000407
2	0.892850	0.000173
0	0.326228	tamhfp
4	0.765647	0.765831
2	0.378818	0.000783
0	0.539647	gpobln
4	0.150404	0.151232
4	0.095912	0.096854
4	0.945674	0.946028
0	0.392153	nheiricq
4	0.716836	0.717212
0	0.030048	yvrblvgz
2	0.072501	0.000867
2	0.128585	0.000441
0	0.814921	hu
2	0.232346	0.000633
2	0.968155	0.000084
2	0.764140	0.000218
0	0.660622	ixtmevx
0	0.856576	lm
2	0.835071	0.000642
0	0.601475	u
2	0.906850	0.000609
0	0.361602	dmod
2	0.307585	0.000296
2	0.134318	0.000609
4	0.248593	0.248929
4	0.140129	0.140617
4	0.090894	0.091387
4	0.584884	0.585019
2	0.272629	0.000469
0	0.970026	cwrs
4	0.747845	0.748793
2	0.728085	0.000892
4	0.964632	0.965376
2	0.316331	0.000515
2	0.758390	0.000652
0	0.484050	s
4	0.179175	0.179594
4	0.399579	0.400333
4	0.734834	0.734960
4	0.659470	0.659982
4	0.410511	0.411472
4	0.869303	0.869519
4	0.230175	0.230264
2	0.088696	0.000705
2	0.060273	0.000994
0	0.060022	lb
4	0.100690	0.101216
4	0.612287	0.612416
0	0.284941	jmq
2	0.051147	0.000158
0	0.231766	lfsin
2	0.544696	0.000758
4	0.276335	0.276751
4	0.199677	0.200426
2	0.714488	0.000574
0	0.854267	sxppdinf
0	0.375643	jik
4	0.569261	0.569889
0	0.204613	uspqrycp
2	0.426148	0.000158
4	0.142420	0.142979
2	0.034985	0.000959
0	0.786949	chekqmqd
0	0.242988	slbr
2	0.090796	0.000582
2	0.827991	0.000491
0	0.679385	hmgtnzu
0	0.302079	t
0	0.741623	decheqy
2	0.997338	0.000606
2	0.315155	0.000927
2	0.433613	0.000251
2	0.383636	0.000465
0	0.631138	apsh
4	0.350613	0.351139
0	0.136988	hi
0	0.800273	etk
4	0.330457	0.330899
4	0.945054	0.946039
2	0.066568	0.000956
4	0.655421	0.656398
0	0.712964	piojubl
2	0.071125	0.000241
4	0.588526	0.589274
4	0.168039	0.169027
0	0.456000	kmvbgwop
2	0.015048	0.000444
4	0.061608	0.062082
4	0.961863	0.961990
0	0.985448	domkzpd
2	0.445829	0.000202
0	0.123939	q
0	0.113791	k
0	0.737970	lrvqko
2	0.339363	0.000054
4	0.021861	0.021908
0	0.597119	rcknc
0	0.829926	itvdrsq
4	0.596091	0.596355
4	0.586328	0.586925
0	0.874067	jldx
0	0.796355	isurfuhm
2	0.537943	0.000512
2	0.201506	0.000851
2	0.922343	0.000999
2	0.433680	0.000807
4	0.646905	0.647735
0	0.172282	mwsduh
4	0.731188	0.731462
4	0.863162	0.863706
2	0.376755	0.000111
4	0.773530	0.773621
4	0.424784	0.425054
0	0.048394	vlnatp
2	0.772868	0.000138
0	0.019047	vwbecns
0	0.195088	sqcoeht
0	0.167840	ywwtnfps
0	0.288247	o
4	0.666059	0.666705
0	0.806994	gw
2	0.380645	0.000885
4	0.290439	0.291308
4	0.807549	0.808205
4	0.747727	0.748650
4	0.014178	0.014719
0	0.262968	bento
4	0.535291	0.535679
0	0.383054	gdlgxpt
2	0.295112	0.000942
2	0.297960	0.000124
0	0.137095	wciqsky
4	0.886378	0.887253
0	0.242736	qrtr
4	0.396119	0.396571
4	0.338694	0.339110
0	0.832659	mil
4	0.641810	0.642720
2	0.666963	0.000005
2	0.216119	0.000320
0	0.731802	sock
4	0.133482	0.134274
0	0.350134	eipumkh
0	0.318685	uoh
0	0.267780	oeg
2	0.783550	0.000812
0	0.531661	nuugmwdn
2	0.836736	0.000673
4	0.794595	0.795029
4	0.446148	0.446361
2	0.315577	0.000222
4	0.699315	0.700031
0	0.306974	rios
2	0.226590	0.000802
4	0.825520	0.826086
2	0.133914	0.000002
4	0.787084	0.787688
0	0.799487	mjves
4	0.068640	0.068650
4	0.058140	0.058755
0	0.665886	ibzmqtws
0	0.128110	qtf
0	0.114483	ddg
0	0.238967	sppqexrl
4	0.859725	0.860697
4	0.662923	0.663922
4	0.084374	0.084449
4	0.914550	0.914793
0	0.958094	hs
0	0.718515	cqoqxjqu
4	0.114216	0.114601
0	0.376292	lov
2	0.954972	0.000903
0	0.256874	pd
0	0.122936	dupymn
2	0.681680	0.000876
0	0.296280	dnc
4	0.010319	0.010831
2	0.245708	0.000585
2	0.595580	0.000416
4	0.236705	0.237223
2	0.147530	0.000028
2	0.330254	0.000112
4	0.678518	0.678593
2	0.380231	0.000888
0	0.357682	nnn
0	0.647376	vntac
0	0.193133	b
4	0.064044	0.064569
2	0.743358	0.000206
4	0.715412	0.716292
0	0.775661	hntwmpy
4	0.548604	0.548826
0	0.372784	jcwc
2	0.563789	0.000964
4	0.799212	0.800069
2	0.428894	0.000781
2	0.939437	0.000551
2	0.014634	0.000824
4	0.679259	0.679455
2	0.182251	0.000603
0	0.304619	cceuug
2	0.451070	0.000359
0	0.555683	sch
4	0.923776	0.924177
0	0.593194	mpri
2	0.643038	0.000963
4	0.432316	0.433080
0	0.880223	offxftr
2	0.394421	0.000597
4	0.582004	0.582763
0	0.406998	rdch
0	0.036629	r
2	0.090147	0.000202
2	0.750918	0.000053
4	0.423718	0.423740
2	0.346188	0.000305
4	0.811620	0.811705
4	0.928797	0.929524
2	0.232979	0.000462
2	0.538198	0.000486
2	0.781141	0.000695
4	0.799562	0.800419
4	0.827600	0.827638
0	0.970060	miss
2	0.898152	0.000529
0	0.024491	zrqxzfwe
2	0.046602	0.000545
0	0.168347	ndjwbo
2	0.044558	0.000178
0	0.062206	wy
2	0.023940	0.000494
0	0.345996	sredhvqs
4	0.566048	0.566237
2	0.603635	0.000394
0	0.523704	dqtghbtg
2	0.711187	0.000872
2	0.536383	0.000774
2	0.883893	0.000483
0	0.121825	fb
2	0.878415	0.000361
0	0.241854	m
0	0.127483	phje
2	0.827477	0.000486
2	0.211593	0.000677
2	0.077273	0.000156
0	0.240757	qqfchlxc
4	0.316416	0.316570
0	0.500715	aczjup
0	0.645264	cadcue
0	0.637771	r
2	0.504965	0.000183
2	0.520366	0.000581
0	0.444809	rz
4	0.319933	0.320082
0	0.755545	v
2	0.641882	0.000691
0	0.036562	vriu
0	0.761389	exf
4	0.929365	0.929976
4	0.751661	0.752320
0	0.701405	knxbf
2	0.960440	0.000281
4	0.815952	0.816316
4	0.751515	0.752052
0	0.979897	oqm
4	0.126845	0.127674
0	0.507013	ylvcska
2	0.558252	0.000348
4	0.558026	0.558931
4	0.103109	0.104096
0	0.376197	eljcheny
4	0.820712	0.821270
2	0.365323	0.000343
2	0.150228	0.000109
0	0.798581	cghktyly
2	0.548859	0.000979
4	0.341840	0.342465
0	0.826841	dcei
2	0.970680	0.000431
0	0.092911	tfh
4	0.195564	0.195776
0	0.203279	oiomm
2	0.501082	0.000596
0	0.189128	fewva
4	0.808411	0.808945
0	0.895528	tgt
4	0.369007	0.369181
0	0.984062	pb
4	0.402973	0.403110
2	0.340352	0.000155
4	0.197890	0.198476
0	0.391652	tcl
2	0.228844	0.000995
4	0.841447	0.841855
4	0.077765	0.077802
0	0.848413	lxgocwst
0	0.623066	wnnr
2	0.492748	0.000737
0	0.439041	rukg
2	0.505023	0.000064
0	0.541978	xshdw
2	0.591784	0.000288
0	0.622106	tusjo
0	0.674235	tqiex
0	0.387319	etl
0	0.954457	z
2	0.435933	0.000503
4	0.569724	0.569981
0	0.708013	jijw
2	0.760968	0.000111
2	0.038155	0.000184
4	0.119952	0.119971
2	0.466326	0.000567
2	0.063578	0.000572
2	0.632217	0.000729
4	0.145929	0.146859
0	0.868958	ltgw
4	0.085656	0.086211
2	0.367128	0.000318
2	0.806329	0.000971
2	0.908678	0.000014
4	0.304070	0.305042
0	0.279026	htboiiv
0	0.919309	wlm
4	0.555804	0.556215
2	0.292150	0.000477
2	0.040720	0.000806
2	0.556393	0.000057
4	0.906867	0.907069
4	0.646319	0.647183
2	0.256634	0.000910
4	0.610511	0.610935
4	0.236964	0.237711
0	0.936794	gcrgs
2	0.010286	0.000381
4	0.707256	0.707601
0	0.254892	kgx
2	0.324358	0.000943
2	0.678557	0.000798
0	0.108605	th
4	0.615742	0.616287
0	0.634051	rgnfwix
4	0.527479	0.528130
4	0.638786	0.639327
2	0.336242	0.000513
4	0.561040	0.562000
4	0.991269	0.992187
2	0.739813	0.000963
0	0.609696	o
0	0.344363	rmiselu
2	0.271806	0.000168
2	0.442953	0.000236
0	0.112313	gznqg
4	0.848261	0.848375
0	0.218107	zhliwmn
2	0.068075	0.000195
4	0.705857	0.706303
2	0.671013	0.000431
4	0.861710	0.862007
4	0.148467	0.149126
2	0.032857	0.000807
2	0.212431	0.000746
4	0.769232	0.770044
0	0.334120	ovot
4	0.991668	0.992540
0	0.298109	pxxprwzl
4	0.040638	0.041309
4	0.043654	0.044361
0	0.521799	t
2	0.310478	0.000080
0	0.318885	f
2	0.291634	0.000231
2	0.274934	0.000837
4	0.419414	0.420120
2	0.028907	0.000893
0	0.711990	atfup
4	0.228656	0.229079
4	0.871658	0.872169
4	0.988921	0.989624
2	0.418721	0.000926
2	0.978986	0.000733
2	0.259625	0.000494
4	0.503306	0.503503
4	0.213114	0.213336
4	0.745665	0.746499
0	0.756387	zgkibcg
4	0.106343	0.107159
4	0.576978	0.577145
0	0.806706	crqrftht
4	0.691807	0.691853
0	0.225113	lsjfpl
4	0.833537	0.834219
2	0.954079	0.000354
4	0.900428	0.900538
4	0.691943	0.692835
0	0.353371	ifxyj
0	0.372038	ql
4	0.013500	0.014092
2	0.583695	0.000682
4	0.124811	0.125595
4	0.287213	0.287295
0	0.201576	sf
2	0.966984	0.000482
2	0.631405	0.000690
0	0.481165	eoa
2	0.375401	0.000989
2	0.658433	0.000374
0	0.373794	cxh
0	0.136570	yhbtaqp
4	0.760596	0.761007
4	0.287651	0.288154
4	0.997667	0.998540
2	0.750981	0.000221
4	0.148956	0.149239
0	0.115614	bokfxzk
0	0.308479	sqarlw
2	0.674187	0.000158
0	0.085179	w
0	0.194042	yra
2	0.685023	0.000011
2	0.879611	0.000515
2	0.839278	0.000184
2	0.682069	0.000606
4	0.069031	0.069559
2	0.327679	0.000107
0	0.203239	dpn
0	0.001489	kfxggjf
2	0.122767	0.000260
4	0.356024	0.356451
4	0.992978	0.992989
0	0.447916	r
2	0.406071	0.000841
4	0.500074	0.500447
2	0.283962	0.000364
2	0.515905	0.000469
0	0.462667	tgzephi
0	0.245451	n
0	0.695736	uyffvmtc
4	0.544466	0.544875
0	0.117382	bktgleo
2	0.001164	0.000353
0	0.209773	c
4	0.296027	0.296726
4	0.632170	0.633011
2	0.736274	0.000140
2	0.838185	0.000641
0	0.538635	hndp
2	0.170912	0.000989
2	0.073363	0.000835
4	0.573965	0.574547
0	0.926748	hlp
0	0.271351	mixsl
4	0.705777	0.706118
2	0.090741	0.000233
4	0.542650	0.542693
4	0.335992	0.336177
2	0.327331	0.000809
0	0.268832	pkrghp
0	0.839776	atvdfze
2	0.720602	0.000515
2	0.890866	0.000091
2	0.775492	0.000080
4	0.965649	0.966019
0	0.724512	jdyubz
0	0.882040	qehunvkx
4	0.542904	0.543576
0	0.865043	hy
0	0.167171	d
4	0.265189	0.265587
2	0.875946	0.000887
4	0.829278	0.830191
0	0.443250	oxrl
4	0.293849	0.293882
2	0.259747	0.000731
0	0.616895	aghh
2	0.129498	0.000920
2	0.351179	0.000923
2	0.549296	0.000234
0	0.599489	wjkdmtk
0	0.936071	vqoszya
2	0.372636	0.000777
0	0.504982	ygifyc
0	0.322812	ynnlohxt
0	0.308076	cpsp
0	0.284201	smauqmsj
2	0.973036	0.000628
4	0.232405	0.232548
0	0.333465	ouiyafu
2	0.780777	0.000717
2	0.884206	0.000367
4	0.238991	0.239092
4	0.865733	0.865733
2	0.977037	0.000084
4	0.248934	0.249588
2	0.333487	0.000950
4	0.343525	0.344152
0	0.655026	xgagfhd
4	0.060582	0.060877
2	0.861825	0.000290
0	0.786815	isyuuw
4	0.206711	0.206965
2	0.787501	0.000662
0	0.461002	gyftpg
0	0.833504	jtusykc
0	0.258667	w
0	0.296798	regkgl
0	0.007789	m
2	0.162075	0.000223
4	0.893261	0.893970
0	0.480862	nm
0	0.873979	vqy
0	0.186601	x
2	0.746542	0.000166
4	0.181857	0.182709
4	0.701955	0.702402
0	0.608357	csji
2	0.148698	0.000623